28160 25569 23445 21288 19111 16929 14756 12605 10490,0 1108 9348 1728 16376 24116 21782 27314 9698,25,-29753 -1517 1312 1568,1
28160 25569 23445 21288 19111 16929 14756 12605 10490,0 1108 9348 1728 16376 24116 21782 27314 9698,25,-29753 -1517 1312 1568,1
18098 9494 4684 1843 208 -770 -1247 -1592 -1778,13440 13104 27279 22801 9324 30451 2458 8322 15804,8,-17190 739 1138 1079,1
19337 10876 5785 2613 659 -563 -1311 -1767 -2041,31360 5884 23086 28175 29040 9162 17936 280 22208,8,-18430 821 1114 1101,0
32131 15328 6604 2025 -281 -1494 -2120 -2516 -2739,15616 12240 10304 3207 27749 27458 23787 26861 21374,9,-15632 935 1028 932,0
32020 15222 6507 1980 -331 -1523 -2135 -2516 -2767,7936 13374 4318 28659 6466 22693 12105 32680 13348,9,-15578 965 1000 980,0
27253 7747 1518 -326 -948 -1279 -1321 -1389 -1432,30976 15103 405 19587 21455 24112 17526 10116 19277,9,-9315 895 729 849,0
31879 15115 6463 1948 -370 -1563 -2160 -2511 -2720,1792 26820 29710 7765 15514 28330 3455 2656 25339,9,-15537 933 1027 1008,0
28993 10897 3418 371 -951 -1498 -1768 -1879 -1863,19200 17581 8315 11727 31242 5664 20801 26967 890,9,-12316 892 858 987,0
27151 7688 1510 -362 -975 -1335 -1353 -1447 -1482,27904 15396 8219 15719 25553 26726 30676 5239 22145,9,-9279 875 782 862,0
31633 14695 6165 1845 -334 -1546 -2105 -2341 -2629,18176 29148 27572 601 663 11034 4972 26662 31755,9,-15223 874 930 945,0
26105 12266 5460 2016 -25 -1119 -1794 -2089 -2284,14336 12923 21136 25936 18528 23475 10980 736 17691,12,-15397 488 652 1148,0
23571 11302 4708 1517 -131 -1043 -1976 -2221 -2166,10240 18404 22697 23889 19678 18791 1258 24612 22940,12,-15712 1283 698 923,0
23573 11310 4709 1516 -132 -1044 -1978 -2222 -2168,26624 18087 6238 28273 12212 7741 27443 26351 19812,12,-15722 1296 696 924,0
23570 11307 4706 1513 -135 -1047 -1980 -2224 -2170,30720 22297 10761 29260 13952 30359 14276 6556 24313,12,-15720 1297 697 925,0
23573 11310 4709 1516 -132 -1044 -1978 -2222 -2168,26624 18087 6238 28273 12212 7741 27443 26351 19812,12,-15722 1296 696 924,0
23573 11310 4709 1516 -132 -1044 -1978 -2222 -2168,26624 18087 6238 28273 12212 7741 27443 26351 19812,12,-15722 1296 696 924,0
23573 11310 4709 1516 -132 -1044 -1978 -2222 -2168,26624 18087 6238 28273 12212 7741 27443 26351 19812,12,-15722 1296 696 924,0
23573 11310 4709 1516 -132 -1044 -1978 -2222 -2168,26624 18087 6238 28273 12212 7741 27443 26351 19812,12,-15722 1296 696 924,0
23573 11310 4709 1516 -132 -1044 -1978 -2222 -2168,26624 18087 6238 28273 12212 7741 27443 26351 19812,12,-15722 1296 696 924,0
23573 11310 4709 1516 -132 -1044 -1978 -2222 -2168,26624 18087 6238 28273 12212 7741 27443 26351 19812,12,-15722 1296 696 924,0
21041 9903 4347 1345 -486 -1196 -1643 -1702 -1604,28672 8399 31443 27775 338 25077 13381 26199 24469,13,-15422 626 1101 1572,0
20910 9917 4412 1456 -357 -1041 -1518 -1615 -1638,28672 24209 29948 15578 22054 5040 17766 22363 17072,13,-15541 588 1003 1500,0
20903 9911 4407 1451 -361 -1044 -1521 -1617 -1640,28672 24446 6225 17223 24375 15708 13757 25839 29204,13,-15537 592 1005 1502,0
20903 9911 4407 1451 -361 -1044 -1521 -1617 -1640,28672 24446 6225 17223 24375 15708 13757 25839 29204,13,-15537 592 1005 1502,0
20903 9911 4407 1451 -361 -1044 -1521 -1617 -1640,28672 24446 6225 17223 24375 15708 13757 25839 29204,13,-15537 592 1005 1502,0
20903 9911 4407 1451 -361 -1044 -1521 -1617 -1640,28672 24446 6225 17223 24375 15708 13757 25839 29204,13,-15537 592 1005 1502,0
20903 9911 4407 1451 -361 -1044 -1521 -1617 -1640,28672 24446 6225 17223 24375 15708 13757 25839 29204,13,-15537 592 1005 1502,0
20903 9911 4407 1451 -361 -1044 -1521 -1617 -1640,28672 24446 6225 17223 24375 15708 13757 25839 29204,13,-15537 592 1005 1502,0
20903 9911 4407 1451 -361 -1044 -1521 -1617 -1640,28672 24446 6225 17223 24375 15708 13757 25839 29204,13,-15537 592 1005 1502,0
20903 9911 4407 1451 -361 -1044 -1521 -1617 -1640,28672 24446 6225 17223 24375 15708 13757 25839 29204,13,-15537 592 1005 1502,0
20903 9911 4407 1451 -361 -1044 -1521 -1617 -1640,28672 24446 6225 17223 24375 15708 13757 25839 29204,13,-15537 592 1005 1502,0
20903 9911 4407 1451 -361 -1044 -1521 -1617 -1640,28672 24446 6225 17223 24375 15708 13757 25839 29204,13,-15537 592 1005 1502,0
20903 9911 4407 1451 -361 -1044 -1521 -1617 -1640,28672 24446 6225 17223 24375 15708 13757 25839 29204,13,-15537 592 1005 1502,0
26672 14702 8473 5005 2891 2178 1629 939 59,0 6371 14152 7428 28563 15029 12508 12354 19790,20,-18062 -652 -239 95,0
25038 2013 -332 -725 -704 -874 -854 -802 -870,1280 8679 18711 16565 22717 32459 2775 22468 32728,9,-2635 650 866 787,1
25571 3339 4 -627 -775 -903 -995 -1040 -1058,11008 2657 25399 27907 18647 7777 31773 6605 11466,9,-4279 562 743 803,0
26429 6184 850 -565 -960 -1149 -1210 -1262 -1267,30464 13644 19056 11559 4276 9154 30094 2687 31272,9,-7667 782 815 861,0
28875 10825 3398 319 -984 -1526 -1791 -1933 -1891,7936 22992 11794 32386 8143 32365 13020 17562 8122,9,-12285 872 925 989,0
30332 12954 4872 1122 -706 -1499 -2117 -2322 -2441,26880 17358 19243 24113 10298 18017 23860 4302 10101,9,-13995 872 884 1026,0
28975 10909 3432 316 -1016 -1537 -1809 -1906 -1869,27904 21196 28663 26278 1060 24841 4707 2629 26792,9,-12337 889 942 1016,0
30331 12962 4881 1129 -711 -1508 -2126 -2330 -2446,13056 3234 15869 22316 13199 17654 12326 6086 1804,9,-14003 870 883 1038,0
22665 14773 9231 5216 2407 375 -987 -1931 -2629,8064 19153 28010 19092 30255 24647 14098 24994 4575,8,-21359 1000 1342 1150,0
18084 9298 4480 1720 168 -707 -1269 -1530 -1666,15232 5276 5836 13350 9648 21785 14296 1881 22398,8,-16848 740 1047 1016,0
20462 9874 4359 1424 -94 -829 -1233 -1553 -1715,7168 13640 3158 9888 14304 19333 3129 3801 14909,11,-15813 847 999 940,0
19086 8940 3793 1154 -118 -920 -1251 -1499 -1505,13312 24068 23994 17638 26217 9637 32201 1086 24800,11,-15350 868 953 802,0
19089 8943 3794 1158 -112 -918 -1251 -1498 -1503,9216 23949 29962 30513 18713 19787 30233 30377 16483,11,-15352 870 944 798,0
19089 8943 3794 1158 -112 -918 -1251 -1498 -1503,9216 23949 29962 30513 18713 19787 30233 30377 16483,11,-15352 870 944 798,0
19087 8941 3793 1157 -114 -920 -1252 -1499 -1504,23552 24029 1568 2458 23896 27562 19715 22418 11105,11,-15350 870 945 799,0
19087 8941 3793 1157 -114 -920 -1252 -1499 -1504,23552 24029 1568 2458 23896 27562 19715 22418 11105,11,-15350 870 945 799,0
19087 8941 3793 1157 -114 -920 -1252 -1499 -1504,23552 24029 1568 2458 23896 27562 19715 22418 11105,11,-15350 870 945 799,0
19087 8941 3793 1157 -114 -920 -1252 -1499 -1504,23552 24029 1568 2458 23896 27562 19715 22418 11105,11,-15350 870 945 799,0
19087 8941 3793 1157 -114 -920 -1252 -1499 -1504,23552 24029 1568 2458 23896 27562 19715 22418 11105,11,-15350 870 945 799,0
19087 8941 3793 1157 -114 -920 -1252 -1499 -1504,23552 24029 1568 2458 23896 27562 19715 22418 11105,11,-15350 870 945 799,0
19087 8941 3793 1157 -114 -920 -1252 -1499 -1504,23552 24029 1568 2458 23896 27562 19715 22418 11105,11,-15350 870 945 799,0
19087 8941 3793 1157 -114 -920 -1252 -1499 -1504,23552 24029 1568 2458 23896 27562 19715 22418 11105,11,-15350 870 945 799,0
21385 10071 4478 1452 -434 -1161 -1642 -1726 -1623,20480 26287 20149 674 2355 17468 27833 5858 6199,13,-15432 521 1045 1585,0
20909 9916 4411 1454 -358 -1043 -1519 -1616 -1639,12288 7884 13786 32455 14588 22774 3313 31858 26953,13,-15540 589 1004 1501,0
20903 9911 4407 1451 -361 -1044 -1521 -1617 -1640,28672 24446 6225 17223 24375 15708 13757 25839 29204,13,-15537 592 1005 1502,0
20903 9911 4407 1451 -361 -1044 -1521 -1617 -1640,28672 24446 6225 17223 24375 15708 13757 25839 29204,13,-15537 592 1005 1502,0
20903 9911 4407 1451 -361 -1044 -1521 -1617 -1640,28672 24446 6225 17223 24375 15708 13757 25839 29204,13,-15537 592 1005 1502,0
20903 9911 4407 1451 -361 -1044 -1521 -1617 -1640,28672 24446 6225 17223 24375 15708 13757 25839 29204,13,-15537 592 1005 1502,0
20903 9911 4407 1451 -361 -1044 -1521 -1617 -1640,28672 24446 6225 17223 24375 15708 13757 25839 29204,13,-15537 592 1005 1502,0
20903 9911 4407 1451 -361 -1044 -1521 -1617 -1640,28672 24446 6225 17223 24375 15708 13757 25839 29204,13,-15537 592 1005 1502,0
20903 9911 4407 1451 -361 -1044 -1521 -1617 -1640,28672 24446 6225 17223 24375 15708 13757 25839 29204,13,-15537 592 1005 1502,0
20903 9911 4407 1451 -361 -1044 -1521 -1617 -1640,28672 24446 6225 17223 24375 15708 13757 25839 29204,13,-15537 592 1005 1502,0
20903 9911 4407 1451 -361 -1044 -1521 -1617 -1640,28672 24446 6225 17223 24375 15708 13757 25839 29204,13,-15537 592 1005 1502,0
20903 9911 4407 1451 -361 -1044 -1521 -1617 -1640,28672 24446 6225 17223 24375 15708 13757 25839 29204,13,-15537 592 1005 1502,0
20903 9911 4407 1451 -361 -1044 -1521 -1617 -1640,28672 24446 6225 17223 24375 15708 13757 25839 29204,13,-15537 592 1005 1502,0
20903 9911 4407 1451 -361 -1044 -1521 -1617 -1640,28672 24446 6225 17223 24375 15708 13757 25839 29204,13,-15537 592 1005 1502,0
20903 9911 4407 1451 -361 -1044 -1521 -1617 -1640,28672 24446 6225 17223 24375 15708 13757 25839 29204,13,-15537 592 1005 1502,0
20903 9911 4407 1451 -361 -1044 -1521 -1617 -1640,28672 24446 6225 17223 24375 15708 13757 25839 29204,13,-15537 592 1005 1502,0
18879 8714 3590 983 -392 -1029 -1423 -1642 -1606,30720 18708 17436 21193 26268 18137 29283 11114 13712,12,-15125 953 1034 1175,0
19067 8763 3514 986 -367 -1015 -1515 -1625 -1644,14336 16766 16488 16152 3715 5534 9969 28109 30577,12,-15060 1118 839 1164,0
19067 8743 3510 989 -358 -1008 -1510 -1620 -1640,14336 29832 21159 31385 14588 19150 27145 15538 13945,12,-15027 1086 835 1153,0
19067 8763 3514 986 -364 -1014 -1516 -1625 -1644,18432 20857 20565 20206 22093 650 26996 959 60,12,-15060 1118 839 1156,0
19067 8763 3514 986 -364 -1014 -1516 -1625 -1644,18432 20857 20565 20206 22093 650 26996 959 60,12,-15060 1118 839 1156,0
19067 8743 3510 989 -358 -1008 -1510 -1620 -1640,14336 29832 21159 31385 14588 19150 27145 15538 13945,12,-15027 1086 835 1153,0
19067 8743 3510 989 -358 -1008 -1510 -1620 -1640,14336 29832 21159 31385 14588 19150 27145 15538 13945,12,-15027 1086 835 1153,0
19067 8743 3510 989 -358 -1008 -1510 -1620 -1640,14336 29832 21159 31385 14588 19150 27145 15538 13945,12,-15027 1086 835 1153,0
19067 8743 3510 989 -358 -1008 -1510 -1620 -1640,14336 29832 21159 31385 14588 19150 27145 15538 13945,12,-15027 1086 835 1153,0
19067 8743 3510 989 -358 -1008 -1510 -1620 -1640,14336 29832 21159 31385 14588 19150 27145 15538 13945,12,-15027 1086 835 1153,0
19067 8743 3510 989 -358 -1008 -1510 -1620 -1640,14336 29832 21159 31385 14588 19150 27145 15538 13945,12,-15027 1086 835 1153,0
19067 8743 3510 989 -358 -1008 -1510 -1620 -1640,14336 29832 21159 31385 14588 19150 27145 15538 13945,12,-15027 1086 835 1153,0
17588 11034 7358 5567 4392 3298 2374 1431 528,0 20845 16602 17128 26736 26504 29515 25965 32279,18,-20559 -1338 -2120 -1018,0
21824 12528 3312 380 0 -374 -615 -849 -1073,0 27085 30171 4712 0 18020 4553 17381 4221,22,-18812 8689 -3122 904,0
21440 12145 2930 126 -126 -374 -615 -849 -1073,0 9537 21648 23416 8731 18020 4553 17381 4221,22,-18562 8888 -3184 982,0
21440 12145 2930 126 -126 -374 -615 -849 -1073,0 9537 21648 23416 8731 18020 4553 17381 4221,22,-18562 8888 -3184 982,0
21440 12145 2930 126 -126 -374 -615 -849 -1073,0 9537 21648 23416 8731 18020 4553 17381 4221,22,-18562 8888 -3184 982,0
22793 17503 13119 9004 5769 2849 703 -880 -2126,12288 9898 9358 13392 16386 32374 23843 24721 24461,13,-25163 1127 2856 1014,0
20724 15487 11096 7650 4772 2546 691 -748 -1862,10240 28440 16143 12909 11453 2410 11743 16359 17713,12,-24488 1712 956 1634,0
16572 13351 10575 8371 6530 4917 3320 1871 476,0 27192 28258 2727 9381 3028 8177 5846 27251,18,-26401 1023 -8 537,0
16573 1513 -159 -619 -502 -475 -646 -463 -716,12288 5486 15451 9056 9621 29276 28713 13553 1771,13,-2992 592 1150 786,1
16518 1281 -345 -597 -526 -635 -623 -589 -612,29696 4453 4332 18035 13488 19954 30590 21183 11828,11,-2541 887 1067 890,0
18878 1547 -355 -463 -648 -659 -597 -671 -603,2560 2092 11932 8407 5816 16664 2043 16328 25902,10,-2685 841 688 1024,0
16574 1278 -279 -420 -497 -578 -529 -497 -615,1792 29630 12371 17066 1691 30383 32081 6231 13811,9,-2528 750 733 879,0
25089 1944 -415 -671 -762 -802 -869 -818 -888,8960 28801 12686 12481 3058 25400 7325 20220 16021,9,-2540 743 780 883,0
18464 1511 -323 -478 -561 -575 -625 -624 -636,5248 9911 12023 18411 22479 5275 4389 13174 24839,8,-2682 797 739 883,0
24687 1959 -378 -668 -746 -804 -819 -883 -844,12928 22581 15856 23658 4588 26952 1750 14664 3532,8,-2601 712 794 872,0
21955 11784 5293 1352 -1021 -2390 -3154 -3395 -3414,14144 13361 31660 11025 30114 29184 22628 998 18005,7,-17588 2162 1893 1972,0
22509 2303 2133 2015 1841 1704 1535 1460 1296,18168 7971 31402 1777 17319 30802 28339 27735 3901,4,-3353 -2793 -2399 -1981,0
25580 2281 -105 -394 -498 -560 -683 -713 -713,19568 23625 23520 19249 6986 14458 16509 16942 14121,5,-2923 397 460 557,0
29084 2311 -521 -786 -880 -973 -1003 -1001 -952,15968 9716 6826 28211 295 14030 18213 8873 13982,6,-2604 799 779 878,0
18634 1525 -329 -476 -557 -551 -627 -645 -646,13984 27063 32409 964 2619 16533 13173 31981 22075,6,-2683 802 728 870,0
25307 2032 -377 -647 -729 -768 -876 -892 -870,16192 16363 17365 16113 22008 29646 21623 1824 11747,7,-2632 703 746 831,0
16458 1370 -252 -391 -499 -528 -565 -576 -606,29376 4122 17281 26910 715 6409 22096 7069 9290,7,-2728 733 678 889,0
18679 1532 -300 -449 -566 -571 -621 -658 -647,24192 29790 17783 13937 28901 29807 21867 6822 12404,8,-2689 751 686 887,0
16608 1381 -226 -357 -449 -528 -478 -497 -589,9984 22479 13676 17622 496 11263 14643 18836 18234,9,-2726 677 614 790,0
18430 1375 -326 -506 -686 -480 -531 -558 -550,23552 29365 23936 14446 29876 13860 10553 29356 17237,11,-2446 765 802 1110,0
17909 1325 -439 -586 -644 -548 -568 -575 -556,3072 25211 22365 10361 15565 7359 10956 6545 7853,11,-2426 987 943 1057,0
17907 1323 -441 -588 -646 -552 -569 -575 -555,7168 15062 14507 19128 28796 18928 27983 16241 3695,11,-2422 991 946 1060,0
17907 1323 -441 -588 -646 -552 -569 -575 -555,7168 15062 14507 19128 28796 18928 27983 16241 3695,11,-2422 991 946 1060,0
17917 1333 -431 -580 -668 -551 -568 -575 -556,13312 6483 10984 276 23455 16035 20793 22059 25019,11,-2438 974 934 1100,0
17909 1325 -439 -586 -644 -551 -568 -575 -556,1024 23165 20326 8333 13553 20019 26696 27877 26926,11,-2426 987 944 1057,0
17907 1323 -441 -588 -646 -552 -569 -575 -555,7168 15062 14507 19128 28796 18928 27983 16241 3695,11,-2422 991 946 1060,0
17907 1323 -441 -588 -646 -552 -569 -575 -555,7168 15062 14507 19128 28796 18928 27983 16241 3695,11,-2422 991 946 1060,0
17917 1333 -431 -580 -668 -551 -568 -575 -556,13312 6483 10984 276 23455 16035 20793 22059 25019,11,-2438 974 934 1100,0
17909 1325 -439 -586 -644 -551 -568 -575 -556,1024 23165 20326 8333 13553 20019 26696 27877 26926,11,-2426 987 944 1057,0
30811 2710 -464 -656 -645 -1138 -969 -1043 -1197,28672 23497 19961 21231 20170 12696 3719 13275 23920,13,-2883 752 591 586,0
30433 2654 -418 -623 -661 -1159 -994 -1019 -1221,28672 1171 21286 2261 29453 15667 12286 25858 24533,13,-2858 704 574 615,0
30436 2656 -416 -660 -650 -1146 -982 -1045 -1204,4096 9273 29145 14436 15023 27865 20451 8993 1529,13,-2860 702 614 597,0
30433 2654 -418 -662 -652 -1148 -984 -1048 -1207,28672 1171 21286 6985 90 21698 15156 29723 31170,13,-2858 704 616 599,0
30433 2654 -418 -662 -652 -1148 -984 -1048 -1207,28672 1171 21286 6985 90 21698 15156 29723 31170,13,-2858 704 616 599,0
30433 2654 -418 -662 -652 -1148 -984 -1048 -1207,28672 1171 21286 6985 90 21698 15156 29723 31170,13,-2858 704 616 599,0
30433 2654 -418 -662 -652 -1148 -984 -1048 -1207,28672 1171 21286 6985 90 21698 15156 29723 31170,13,-2858 704 616 599,0
30433 2654 -418 -662 -652 -1148 -984 -1048 -1207,28672 1171 21286 6985 90 21698 15156 29723 31170,13,-2858 704 616 599,0
30433 2654 -418 -662 -652 -1148 -984 -1048 -1207,28672 1171 21286 6985 90 21698 15156 29723 31170,13,-2858 704 616 599,0
30433 2654 -418 -662 -652 -1148 -984 -1048 -1207,28672 1171 21286 6985 90 21698 15156 29723 31170,13,-2858 704 616 599,0
18168 2892 764 475 235 46 -62 -137 -164,0 16284 17045 5890 24589 22323 16839 20932 2920,19,-5217 -563 -566 -186,0
28160 25569 23445 21288 19111 16929 14756 12605 10490,0 1108 9348 1728 16376 24116 21782 27314 9698,25,-29753 -1517 1312 1568,1
18098 9494 4684 1843 208 -770 -1247 -1592 -1778,13440 13104 27279 22801 9324 30451 2458 8322 15804,8,-17190 739 1138 1079,1
19337 10876 5785 2613 659 -563 -1311 -1767 -2041,31360 5884 23086 28175 29040 9162 17936 280 22208,8,-18430 821 1114 1101,0
32131 15328 6604 2025 -281 -1494 -2120 -2516 -2739,15616 12240 10304 3207 27749 27458 23787 26861 21374,9,-15632 935 1028 932,0
32020 15222 6507 1980 -331 -1523 -2135 -2516 -2767,7936 13374 4318 28659 6466 22693 12105 32680 13348,9,-15578 965 1000 980,0
27253 7747 1518 -326 -948 -1279 -1321 -1389 -1432,30976 15103 405 19587 21455 24112 17526 10116 19277,9,-9315 895 729 849,0
31879 15115 6463 1948 -370 -1563 -2160 -2511 -2720,1792 26820 29710 7765 15514 28330 3455 2656 25339,9,-15537 933 1027 1008,0
28993 10897 3418 371 -951 -1498 -1768 -1879 -1863,19200 17581 8315 11727 31242 5664 20801 26967 890,9,-12316 892 858 987,0
27151 7688 1510 -362 -975 -1335 -1353 -1447 -1482,27904 15396 8219 15719 25553 26726 30676 5239 22145,9,-9279 875 782 862,0
31643 14705 6197 1942 -310 -1518 -2089 -2366 -2682,24320 3183 24860 24437 8866 6242 5528 16301 17056,9,-15228 840 838 1025,0
26129 12270 5464 2031 -22 -1114 -1785 -2067 -2282,14336 491 24619 4780 16787 11006 7266 9038 1745,12,-15387 478 633 1162,0
23569 11301 4707 1516 -132 -1044 -1978 -2222 -2166,6144 14353 22845 28273 28305 31641 23507 22473 26754,12,-15712 1284 698 923,0
23573 11310 4709 1516 -132 -1044 -1978 -2222 -2168,26624 18087 6238 28273 12212 7741 27443 26351 19812,12,-15722 1296 696 924,0
23570 11307 4706 1513 -135 -1047 -1980 -2224 -2170,30720 22297 10761 29260 13952 30359 14276 6556 24313,12,-15720 1297 697 925,0
23573 11310 4709 1516 -132 -1044 -1978 -2222 -2168,26624 18087 6238 28273 12212 7741 27443 26351 19812,12,-15722 1296 696 924,0
23573 11310 4709 1516 -132 -1044 -1978 -2222 -2168,26624 18087 6238 28273 12212 7741 27443 26351 19812,12,-15722 1296 696 924,0
23573 11310 4709 1516 -132 -1044 -1978 -2222 -2168,26624 18087 6238 28273 12212 7741 27443 26351 19812,12,-15722 1296 696 924,0
23573 11310 4709 1516 -132 -1044 -1978 -2222 -2168,26624 18087 6238 28273 12212 7741 27443 26351 19812,12,-15722 1296 696 924,0
23573 11310 4709 1516 -132 -1044 -1978 -2222 -2168,26624 18087 6238 28273 12212 7741 27443 26351 19812,12,-15722 1296 696 924,0
23573 11310 4709 1516 -132 -1044 -1978 -2222 -2168,26624 18087 6238 28273 12212 7741 27443 26351 19812,12,-15722 1296 696 924,0
21041 9903 4347 1345 -486 -1196 -1643 -1702 -1604,28672 8399 31443 27775 338 25077 13381 26199 24469,13,-15422 626 1101 1572,0
20910 9917 4412 1456 -357 -1041 -1518 -1615 -1638,28672 24209 29948 15578 22054 5040 17766 22363 17072,13,-15541 588 1003 1500,0
20903 9911 4407 1451 -361 -1044 -1521 -1617 -1640,28672 24446 6225 17223 24375 15708 13757 25839 29204,13,-15537 592 1005 1502,0
20903 9911 4407 1451 -361 -1044 -1521 -1617 -1640,28672 24446 6225 17223 24375 15708 13757 25839 29204,13,-15537 592 1005 1502,0
20903 9911 4407 1451 -361 -1044 -1521 -1617 -1640,28672 24446 6225 17223 24375 15708 13757 25839 29204,13,-15537 592 1005 1502,0
20903 9911 4407 1451 -361 -1044 -1521 -1617 -1640,28672 24446 6225 17223 24375 15708 13757 25839 29204,13,-15537 592 1005 1502,0
20903 9911 4407 1451 -361 -1044 -1521 -1617 -1640,28672 24446 6225 17223 24375 15708 13757 25839 29204,13,-15537 592 1005 1502,0
20903 9911 4407 1451 -361 -1044 -1521 -1617 -1640,28672 24446 6225 17223 24375 15708 13757 25839 29204,13,-15537 592 1005 1502,0
20903 9911 4407 1451 -361 -1044 -1521 -1617 -1640,28672 24446 6225 17223 24375 15708 13757 25839 29204,13,-15537 592 1005 1502,0
20903 9911 4407 1451 -361 -1044 -1521 -1617 -1640,28672 24446 6225 17223 24375 15708 13757 25839 29204,13,-15537 592 1005 1502,0
20903 9911 4407 1451 -361 -1044 -1521 -1617 -1640,28672 24446 6225 17223 24375 15708 13757 25839 29204,13,-15537 592 1005 1502,0
20903 9911 4407 1451 -361 -1044 -1521 -1617 -1640,28672 24446 6225 17223 24375 15708 13757 25839 29204,13,-15537 592 1005 1502,0
20903 9911 4407 1451 -361 -1044 -1521 -1617 -1640,28672 24446 6225 17223 24375 15708 13757 25839 29204,13,-15537 592 1005 1502,0
26672 14702 8473 5005 2891 2178 1629 939 59,0 6371 14152 7428 28563 15029 12508 12354 19790,20,-18062 -652 -239 95,0
25038 2013 -332 -725 -704 -874 -854 -802 -870,1280 8679 18711 16565 22717 32459 2775 22468 32728,9,-2635 650 866 787,1
25571 3339 4 -627 -775 -903 -995 -1040 -1058,11008 2657 25399 27907 18647 7777 31773 6605 11466,9,-4279 562 743 803,0
26429 6184 850 -565 -960 -1149 -1210 -1262 -1267,30464 13644 19056 11559 4276 9154 30094 2687 31272,9,-7667 782 815 861,0
28875 10825 3398 319 -984 -1526 -1791 -1933 -1891,7936 22992 11794 32386 8143 32365 13020 17562 8122,9,-12285 872 925 989,0
30332 12954 4872 1122 -706 -1499 -2117 -2322 -2441,26880 17358 19243 24113 10298 18017 23860 4302 10101,9,-13995 872 884 1026,0
28975 10909 3432 316 -1016 -1537 -1809 -1906 -1869,27904 21196 28663 26278 1060 24841 4707 2629 26792,9,-12337 889 942 1016,0
30331 12962 4881 1129 -711 -1508 -2126 -2330 -2446,13056 3234 15869 22316 13199 17654 12326 6086 1804,9,-14003 870 883 1038,0
22665 14773 9231 5216 2407 375 -987 -1931 -2629,8064 19153 28010 19092 30255 24647 14098 24994 4575,8,-21359 1000 1342 1150,0
18071 9296 4465 1707 162 -715 -1268 -1529 -1670,12928 8424 19275 4450 20674 7327 26536 18082 20672,8,-16856 781 1044 1006,0
20461 9873 4358 1423 -95 -829 -1234 -1554 -1715,21504 30044 17578 26437 30978 3399 22125 22993 9187,11,-15812 848 999 940,0
19086 8940 3793 1154 -118 -920 -1251 -1499 -1505,13312 24068 23994 17638 26217 9637 32201 1086 24800,11,-15350 868 953 802,0
19089 8943 3794 1158 -112 -918 -1251 -1498 -1503,9216 23949 29962 30513 18713 19787 30233 30377 16483,11,-15352 870 944 798,0
19089 8943 3794 1158 -112 -918 -1251 -1498 -1503,9216 23949 29962 30513 18713 19787 30233 30377 16483,11,-15352 870 944 798,0
19087 8941 3793 1157 -114 -920 -1252 -1499 -1504,23552 24029 1568 2458 23896 27562 19715 22418 11105,11,-15350 870 945 799,0
19087 8941 3793 1157 -114 -920 -1252 -1499 -1504,23552 24029 1568 2458 23896 27562 19715 22418 11105,11,-15350 870 945 799,0
19087 8941 3793 1157 -114 -920 -1252 -1499 -1504,23552 24029 1568 2458 23896 27562 19715 22418 11105,11,-15350 870 945 799,0
19087 8941 3793 1157 -114 -920 -1252 -1499 -1504,23552 24029 1568 2458 23896 27562 19715 22418 11105,11,-15350 870 945 799,0
19087 8941 3793 1157 -114 -920 -1252 -1499 -1504,23552 24029 1568 2458 23896 27562 19715 22418 11105,11,-15350 870 945 799,0
19087 8941 3793 1157 -114 -920 -1252 -1499 -1504,23552 24029 1568 2458 23896 27562 19715 22418 11105,11,-15350 870 945 799,0
19087 8941 3793 1157 -114 -920 -1252 -1499 -1504,23552 24029 1568 2458 23896 27562 19715 22418 11105,11,-15350 870 945 799,0
19087 8941 3793 1157 -114 -920 -1252 -1499 -1504,23552 24029 1568 2458 23896 27562 19715 22418 11105,11,-15350 870 945 799,0
21385 10071 4478 1452 -434 -1161 -1642 -1726 -1623,20480 26287 20149 674 2355 17468 27833 5858 6199,13,-15432 521 1045 1585,0
20909 9916 4411 1454 -358 -1043 -1519 -1616 -1639,12288 7884 13786 32455 14588 22774 3313 31858 26953,13,-15540 589 1004 1501,0
20903 9911 4407 1451 -361 -1044 -1521 -1617 -1640,28672 24446 6225 17223 24375 15708 13757 25839 29204,13,-15537 592 1005 1502,0
20903 9911 4407 1451 -361 -1044 -1521 -1617 -1640,28672 24446 6225 17223 24375 15708 13757 25839 29204,13,-15537 592 1005 1502,0
20903 9911 4407 1451 -361 -1044 -1521 -1617 -1640,28672 24446 6225 17223 24375 15708 13757 25839 29204,13,-15537 592 1005 1502,0
20903 9911 4407 1451 -361 -1044 -1521 -1617 -1640,28672 24446 6225 17223 24375 15708 13757 25839 29204,13,-15537 592 1005 1502,0
20903 9911 4407 1451 -361 -1044 -1521 -1617 -1640,28672 24446 6225 17223 24375 15708 13757 25839 29204,13,-15537 592 1005 1502,0
20903 9911 4407 1451 -361 -1044 -1521 -1617 -1640,28672 24446 6225 17223 24375 15708 13757 25839 29204,13,-15537 592 1005 1502,0
20903 9911 4407 1451 -361 -1044 -1521 -1617 -1640,28672 24446 6225 17223 24375 15708 13757 25839 29204,13,-15537 592 1005 1502,0
20903 9911 4407 1451 -361 -1044 -1521 -1617 -1640,28672 24446 6225 17223 24375 15708 13757 25839 29204,13,-15537 592 1005 1502,0
20903 9911 4407 1451 -361 -1044 -1521 -1617 -1640,28672 24446 6225 17223 24375 15708 13757 25839 29204,13,-15537 592 1005 1502,0
20903 9911 4407 1451 -361 -1044 -1521 -1617 -1640,28672 24446 6225 17223 24375 15708 13757 25839 29204,13,-15537 592 1005 1502,0
20903 9911 4407 1451 -361 -1044 -1521 -1617 -1640,28672 24446 6225 17223 24375 15708 13757 25839 29204,13,-15537 592 1005 1502,0
20903 9911 4407 1451 -361 -1044 -1521 -1617 -1640,28672 24446 6225 17223 24375 15708 13757 25839 29204,13,-15537 592 1005 1502,0
20903 9911 4407 1451 -361 -1044 -1521 -1617 -1640,28672 24446 6225 17223 24375 15708 13757 25839 29204,13,-15537 592 1005 1502,0
20903 9911 4407 1451 -361 -1044 -1521 -1617 -1640,28672 24446 6225 17223 24375 15708 13757 25839 29204,13,-15537 592 1005 1502,0
18879 8714 3590 983 -392 -1029 -1423 -1642 -1606,30720 18708 17436 21193 26268 18137 29283 11114 13712,12,-15125 953 1034 1175,0
19067 8763 3514 986 -367 -1015 -1515 -1625 -1644,14336 16766 16488 16152 3715 5534 9969 28109 30577,12,-15060 1118 839 1164,0
19067 8743 3510 989 -358 -1008 -1510 -1620 -1640,14336 29832 21159 31385 14588 19150 27145 15538 13945,12,-15027 1086 835 1153,0
19067 8763 3514 986 -364 -1014 -1516 -1625 -1644,18432 20857 20565 20206 22093 650 26996 959 60,12,-15060 1118 839 1156,0
19067 8763 3514 986 -364 -1014 -1516 -1625 -1644,18432 20857 20565 20206 22093 650 26996 959 60,12,-15060 1118 839 1156,0
19067 8743 3510 989 -358 -1008 -1510 -1620 -1640,14336 29832 21159 31385 14588 19150 27145 15538 13945,12,-15027 1086 835 1153,0
19067 8743 3510 989 -358 -1008 -1510 -1620 -1640,14336 29832 21159 31385 14588 19150 27145 15538 13945,12,-15027 1086 835 1153,0
19067 8743 3510 989 -358 -1008 -1510 -1620 -1640,14336 29832 21159 31385 14588 19150 27145 15538 13945,12,-15027 1086 835 1153,0
19067 8743 3510 989 -358 -1008 -1510 -1620 -1640,14336 29832 21159 31385 14588 19150 27145 15538 13945,12,-15027 1086 835 1153,0
19067 8743 3510 989 -358 -1008 -1510 -1620 -1640,14336 29832 21159 31385 14588 19150 27145 15538 13945,12,-15027 1086 835 1153,0
19067 8743 3510 989 -358 -1008 -1510 -1620 -1640,14336 29832 21159 31385 14588 19150 27145 15538 13945,12,-15027 1086 835 1153,0
19067 8743 3510 989 -358 -1008 -1510 -1620 -1640,14336 29832 21159 31385 14588 19150 27145 15538 13945,12,-15027 1086 835 1153,0
17588 11034 7358 5567 4392 3298 2374 1431 528,0 20845 16602 17128 26736 26504 29515 25965 32279,18,-20559 -1338 -2120 -1018,0
21824 12528 3312 380 0 -374 -615 -849 -1073,0 27085 30171 4712 0 18020 4553 17381 4221,22,-18812 8689 -3122 904,0
21440 12145 2930 126 -126 -374 -615 -849 -1073,0 9537 21648 23416 8731 18020 4553 17381 4221,22,-18562 8888 -3184 982,0
21440 12145 2930 126 -126 -374 -615 -849 -1073,0 9537 21648 23416 8731 18020 4553 17381 4221,22,-18562 8888 -3184 982,0
21440 12145 2930 126 -126 -374 -615 -849 -1073,0 9537 21648 23416 8731 18020 4553 17381 4221,22,-18562 8888 -3184 982,0
22281 17139 12599 8789 5564 3159 1034 -647 -2014,28672 7961 21325 3044 6578 267 30670 23094 8882,13,-25205 2103 1535 1722,0
20727 15486 11089 7639 4777 2554 684 -748 -1858,10240 20297 25336 24637 505 3174 16817 27995 4894,12,-24483 1722 960 1573,0
16580 13359 10583 8379 6538 4924 3327 1878 484,0 26875 27070 95 4740 28594 30648 24708 9244,18,-26404 1021 -9 536,0
16573 1513 -159 -619 -502 -475 -646 -463 -716,12288 5486 15451 9056 9621 29276 28713 13553 1771,13,-2992 592 1150 786,1
16518 1281 -345 -597 -526 -635 -623 -589 -612,29696 4453 4332 18035 13488 19954 30590 21183 11828,11,-2541 887 1067 890,0
18878 1547 -355 -463 -648 -659 -597 -671 -603,2560 2092 11932 8407 5816 16664 2043 16328 25902,10,-2685 841 688 1024,0
16574 1278 -279 -420 -497 -578 -529 -497 -615,1792 29630 12371 17066 1691 30383 32081 6231 13811,9,-2528 750 733 879,0
25089 1944 -415 -671 -762 -802 -869 -818 -888,8960 28801 12686 12481 3058 25400 7325 20220 16021,9,-2540 743 780 883,0
18464 1511 -323 -478 -561 -575 -625 -624 -636,5248 9911 12023 18411 22479 5275 4389 13174 24839,8,-2682 797 739 883,0
24687 1959 -378 -668 -746 -804 -819 -883 -844,12928 22581 15856 23658 4588 26952 1750 14664 3532,8,-2601 712 794 872,0
21937 11772 5297 1360 -1055 -2420 -3165 -3400 -3401,29632 10513 2014 15363 21173 4032 22153 23993 7579,7,-17584 2140 1893 2062,0
22459 2247 2071 1951 1788 1719 1569 1434 1285,3288 1434 26098 23534 11184 24689 19301 8082 4638,4,-3278 -2722 -2337 -1942,0
25573 2275 -108 -400 -503 -562 -684 -713 -715,24720 19325 15142 30030 19443 24631 9927 29184 29441,5,-2916 400 467 562,0
29084 2311 -522 -786 -881 -973 -1003 -1001 -952,7584 958 31311 19974 25519 6748 11634 2994 8856,6,-2604 799 779 878,0
18634 1525 -329 -476 -557 -551 -627 -645 -646,13984 27063 32409 964 2619 16533 13173 31981 22075,6,-2683 802 728 870,0
25307 2032 -377 -647 -729 -768 -876 -892 -870,16192 16363 17365 16113 22008 29646 21623 1824 11747,7,-2632 703 746 831,0
16458 1370 -252 -391 -499 -528 -565 -576 -606,29376 4122 17281 26910 715 6409 22096 7069 9290,7,-2728 733 678 889,0
18679 1532 -300 -449 -566 -571 -621 -658 -647,24192 29790 17783 13937 28901 29807 21867 6822 12404,8,-2689 751 686 887,0
16608 1381 -226 -357 -449 -528 -478 -497 -589,9984 22479 13676 17622 496 11263 14643 18836 18234,9,-2726 677 614 790,0
18430 1375 -326 -506 -686 -480 -531 -558 -550,23552 29365 23936 14446 29876 13860 10553 29356 17237,11,-2446 765 802 1110,0
17907 1323 -441 -588 -646 -549 -569 -576 -556,9216 17108 16546 21156 30808 6267 12243 27676 17389,11,-2422 990 946 1060,0
17909 1325 -439 -586 -644 -551 -568 -575 -556,1024 23165 20326 8333 13553 20019 26696 27877 26926,11,-2426 987 944 1057,0
17907 1323 -441 -588 -646 -552 -569 -575 -555,7168 15062 14507 19128 28796 18928 27983 16241 3695,11,-2422 991 946 1060,0
17909 1325 -439 -586 -644 -551 -568 -575 -556,1024 23165 20326 8333 13553 20019 26696 27877 26926,11,-2426 987 944 1057,0
17907 1323 -441 -588 -646 -552 -569 -575 -555,7168 15062 14507 19128 28796 18928 27983 16241 3695,11,-2422 991 946 1060,0
17907 1323 -441 -588 -646 -552 -569 -575 -555,7168 15062 14507 19128 28796 18928 27983 16241 3695,11,-2422 991 946 1060,0
17917 1333 -431 -580 -668 -551 -568 -575 -556,13312 6483 10984 276 23455 16035 20793 22059 25019,11,-2438 974 934 1100,0
17909 1325 -439 -586 -644 -551 -568 -575 -556,1024 23165 20326 8333 13553 20019 26696 27877 26926,11,-2426 987 944 1057,0
17907 1323 -441 -588 -646 -552 -569 -575 -555,7168 15062 14507 19128 28796 18928 27983 16241 3695,11,-2422 991 946 1060,0
30811 2710 -464 -656 -645 -1138 -969 -1043 -1197,28672 23497 19961 21231 20170 12696 3719 13275 23920,13,-2883 752 591 586,0
30433 2654 -418 -623 -661 -1159 -994 -1019 -1221,28672 1171 21286 2261 29453 15667 12286 25858 24533,13,-2858 704 574 615,0
30470 2681 -469 -651 -644 -1142 -979 -1045 -1206,20480 16465 12548 3366 3495 8331 850 16752 13660,13,-2884 764 592 594,0
30433 2654 -418 -662 -652 -1148 -984 -1048 -1207,28672 1171 21286 6985 90 21698 15156 29723 31170,13,-2858 704 616 599,0
30433 2654 -418 -662 -652 -1148 -984 -1048 -1207,28672 1171 21286 6985 90 21698 15156 29723 31170,13,-2858 704 616 599,0
30433 2654 -418 -662 -652 -1148 -984 -1048 -1207,28672 1171 21286 6985 90 21698 15156 29723 31170,13,-2858 704 616 599,0
30433 2654 -418 -662 -652 -1148 -984 -1048 -1207,28672 1171 21286 6985 90 21698 15156 29723 31170,13,-2858 704 616 599,0
30433 2654 -418 -662 -652 -1148 -984 -1048 -1207,28672 1171 21286 6985 90 21698 15156 29723 31170,13,-2858 704 616 599,0
30433 2654 -418 -662 -652 -1148 -984 -1048 -1207,28672 1171 21286 6985 90 21698 15156 29723 31170,13,-2858 704 616 599,0
30433 2654 -418 -662 -652 -1148 -984 -1048 -1207,28672 1171 21286 6985 90 21698 15156 29723 31170,13,-2858 704 616 599,0
18168 2892 764 475 235 46 -62 -137 -164,0 16284 17045 5890 24589 22323 16839 20932 2920,19,-5217 -563 -566 -186,0
28160 25569 23445 21288 19111 16929 14756 12605 10490,0 1108 9348 1728 16376 24116 21782 27314 9698,25,-29753 -1517 1312 1568,1
16573 1513 -159 -619 -502 -475 -646 -463 -716,12288 5486 15451 9056 9621 29276 28713 13553 1771,13,-2992 592 1150 786,1
16518 1281 -345 -597 -526 -635 -623 -589 -612,29696 4453 4332 18035 13488 19954 30590 21183 11828,11,-2541 887 1067 890,0
18878 1547 -355 -463 -648 -659 -597 -671 -603,2560 2092 11932 8407 5816 16664 2043 16328 25902,10,-2685 841 688 1024,0
16543 511 -364 -392 -438 -507 -544 -547 -522,10496 19121 28559 20523 24290 12275 723 14598 25263,9,-1013 751 730 837,0
25045 739 -551 -653 -715 -747 -818 -792 -779,7936 28493 5864 23285 13508 19206 10055 27388 11964,9,-968 750 811 903,0
16401 532 -332 -352 -413 -484 -525 -533 -507,19712 17777 1381 31184 8275 19453 6274 10627 17726,9,-1064 698 658 796,0
25079 1929 -426 -679 -762 -812 -879 -829 -896,12032 9963 16358 21702 16134 21954 9867 22371 4464,9,-2521 754 790 883,0
18464 1511 -323 -478 -561 -575 -625 -624 -636,1920 6843 8965 15624 19964 3034 2175 11235 23646,8,-2682 798 740 883,0
26990 21822 17339 13267 9490 6265 3397 852 -1257,12032 16666 29077 18145 13500 9910 559 26371 9718,9,-26494 1067 1747 2133,0
21143 17414 13890 10733 7833 5237 2926 922 -785,25820 16101 31169 14556 5566 25381 20429 21282 32151,3,-26988 2178 1501 1937,0
18544 16242 13906 11690 9494 7379 5356 3465 1720,16640 21525 30123 20587 26267 30769 15772 3015 1015,9,-28701 2425 1443 2258,0
30203 14313 6214 1957 -124 -1530 -2071 -2425 -2831,26624 29972 27434 4803 7570 15053 29091 18496 31991,12,-15529 796 997 810,0
23695 11386 4774 1560 -129 -1035 -1990 -2242 -2189,2048 6893 4742 17849 18517 11589 7471 22329 2229,12,-15746 1254 694 959,0
23573 11310 4709 1516 -132 -1044 -1978 -2222 -2168,26624 18087 6238 28273 12212 7741 27443 26351 19812,12,-15722 1296 696 924,0
23569 11307 4705 1512 -137 -1051 -1985 -2231 -2178,26624 14115 27219 9314 11088 18025 12842 10965 30875,12,-15720 1298 699 926,0
23570 11309 4707 1514 -135 -1049 -1984 -2230 -2176,18432 5854 22845 12711 17975 8258 15489 28622 30189,12,-15722 1298 698 925,0
23573 11310 4709 1516 -132 -1044 -1978 -2222 -2168,26624 18087 6238 28273 12212 7741 27443 26351 19812,12,-15722 1296 696 924,0
23573 11310 4709 1516 -132 -1044 -1978 -2222 -2168,26624 18087 6238 28273 12212 7741 27443 26351 19812,12,-15722 1296 696 924,0
23573 11310 4709 1516 -132 -1044 -1978 -2222 -2168,26624 18087 6238 28273 12212 7741 27443 26351 19812,12,-15722 1296 696 924,0
23573 11310 4709 1516 -132 -1044 -1978 -2222 -2168,26624 18087 6238 28273 12212 7741 27443 26351 19812,12,-15722 1296 696 924,0
23573 11310 4709 1516 -132 -1044 -1978 -2222 -2168,26624 18087 6238 28273 12212 7741 27443 26351 19812,12,-15722 1296 696 924,0
23573 11310 4709 1516 -132 -1044 -1978 -2222 -2168,26624 18087 6238 28273 12212 7741 27443 26351 19812,12,-15722 1296 696 924,0
23573 11310 4709 1516 -132 -1044 -1978 -2222 -2168,26624 18087 6238 28273 12212 7741 27443 26351 19812,12,-15722 1296 696 924,0
23573 11310 4709 1516 -132 -1044 -1978 -2222 -2168,26624 18087 6238 28273 12212 7741 27443 26351 19812,12,-15722 1296 696 924,0
23573 11310 4709 1516 -132 -1044 -1978 -2222 -2168,26624 18087 6238 28273 12212 7741 27443 26351 19812,12,-15722 1296 696 924,0
23573 11310 4709 1516 -132 -1044 -1978 -2222 -2168,26624 18087 6238 28273 12212 7741 27443 26351 19812,12,-15722 1296 696 924,0
23573 11310 4709 1516 -132 -1044 -1978 -2222 -2168,26624 18087 6238 28273 12212 7741 27443 26351 19812,12,-15722 1296 696 924,0
23573 11310 4709 1516 -132 -1044 -1978 -2222 -2168,26624 18087 6238 28273 12212 7741 27443 26351 19812,12,-15722 1296 696 924,0
23573 11310 4709 1516 -132 -1044 -1978 -2222 -2168,26624 18087 6238 28273 12212 7741 27443 26351 19812,12,-15722 1296 696 924,0
23573 11310 4709 1516 -132 -1044 -1978 -2222 -2168,26624 18087 6238 28273 12212 7741 27443 26351 19812,12,-15722 1296 696 924,0
16835 3372 301 -640 -786 -667 -748 -790 -808,21504 23849 4238 28130 31567 26855 10464 11791 23831,11,-6564 759 1263 1057,0
17971 4870 1111 -117 -655 -1006 -966 -1069 -1040,1024 3339 4260 32416 25972 13366 7727 8045 29126,11,-8880 411 708 1004,0
17555 4238 425 -505 -705 -844 -997 -955 -799,1024 28389 28640 1952 8712 12920 12212 3821 11204,11,-7912 1185 909 891,0
16869 3374 270 -665 -801 -645 -754 -796 -809,23552 1270 14956 30274 6072 3064 29993 8645 27990,11,-6554 818 1286 1071,0
16892 3363 276 -674 -813 -653 -745 -800 -817,31744 5797 9989 4851 27117 32176 26279 2023 25015,11,-6524 794 1311 1086,0
16894 3364 277 -673 -812 -652 -744 -800 -816,13312 18030 22072 16687 28548 31276 23024 31112 18950,11,-6526 792 1309 1084,0
16892 3363 276 -674 -813 -653 -745 -800 -817,31744 5797 9989 4851 27117 32176 26279 2023 25015,11,-6524 794 1311 1086,0
19123 7234 2209 217 -764 -1229 -1423 -1344 -1453,3072 9868 10451 27937 6733 24909 27315 16742 20291,11,-12396 1055 825 1236,0
27658 17419 10570 5847 2449 72 -1534 -2613 -3318,3072 17318 14729 2032 13431 2899 16716 9779 4703,11,-20638 787 1084 1401,0
20901 9889 4144 1256 -277 -1081 -1443 -1643 -1826,19712 28897 22848 13978 14866 14162 28955 13822 5348,9,-15505 1080 896 1088,0
19789 9340 4015 1335 -11 -837 -1251 -1519 -1582,5120 20487 5303 4708 28510 26536 8591 8699 24542,11,-15467 839 788 800,0
21384 10073 4487 1451 -435 -1161 -1642 -1717 -1621,20480 1661 10657 1003 10982 9501 27833 21243 9326,13,-15435 507 1063 1580,0
20909 9916 4411 1454 -358 -1043 -1519 -1616 -1639,12288 7884 13786 32455 14588 22774 3313 31858 26953,13,-15540 589 1004 1501,0
20903 9911 4407 1451 -361 -1044 -1521 -1617 -1640,28672 24446 6225 17223 24375 15708 13757 25839 29204,13,-15537 592 1005 1502,0
20903 9911 4407 1451 -361 -1044 -1521 -1617 -1640,28672 24446 6225 17223 24375 15708 13757 25839 29204,13,-15537 592 1005 1502,0
20903 9911 4407 1451 -361 -1044 -1521 -1617 -1640,28672 24446 6225 17223 24375 15708 13757 25839 29204,13,-15537 592 1005 1502,0
20903 9911 4407 1451 -361 -1044 -1521 -1617 -1640,28672 24446 6225 17223 24375 15708 13757 25839 29204,13,-15537 592 1005 1502,0
20903 9911 4407 1451 -361 -1044 -1521 -1617 -1640,28672 24446 6225 17223 24375 15708 13757 25839 29204,13,-15537 592 1005 1502,0
20903 9911 4407 1451 -361 -1044 -1521 -1617 -1640,28672 24446 6225 17223 24375 15708 13757 25839 29204,13,-15537 592 1005 1502,0
20903 9911 4407 1451 -361 -1044 -1521 -1617 -1640,28672 24446 6225 17223 24375 15708 13757 25839 29204,13,-15537 592 1005 1502,0
20903 9911 4407 1451 -361 -1044 -1521 -1617 -1640,28672 24446 6225 17223 24375 15708 13757 25839 29204,13,-15537 592 1005 1502,0
26672 14702 8473 5005 2891 2178 1629 939 59,0 6371 14152 7428 28563 15029 12508 12354 19790,20,-18062 -652 -239 95,0
28160 25569 23445 21288 19111 16929 14756 12605 10490,0 1108 9348 1728 16376 24116 21782 27314 9698,25,-29753 -1517 1312 1568,1
16573 1513 -159 -619 -502 -475 -646 -463 -716,12288 5486 15451 9056 9621 29276 28713 13553 1771,13,-2992 592 1150 786,1
16518 1281 -345 -597 -526 -635 -623 -589 -612,29696 4453 4332 18035 13488 19954 30590 21183 11828,11,-2541 887 1067 890,0
18878 1547 -355 -463 -648 -659 -597 -671 -603,2560 2092 11932 8407 5816 16664 2043 16328 25902,10,-2685 841 688 1024,0
16543 511 -364 -392 -438 -507 -544 -547 -522,10496 19121 28559 20523 24290 12275 723 14598 25263,9,-1013 751 730 837,0
25045 739 -551 -653 -715 -747 -818 -792 -779,7936 28493 5864 23285 13508 19206 10055 27388 11964,9,-968 750 811 903,0
16401 532 -332 -352 -413 -484 -525 -533 -507,19712 17777 1381 31184 8275 19453 6274 10627 17726,9,-1064 698 658 796,0
25079 1929 -426 -679 -762 -812 -879 -829 -896,12032 9963 16358 21702 16134 21954 9867 22371 4464,9,-2521 754 790 883,0
18464 1511 -323 -478 -561 -575 -625 -624 -636,1920 6843 8965 15624 19964 3034 2175 11235 23646,8,-2682 798 740 883,0
26990 21822 17339 13267 9490 6265 3397 852 -1257,12032 16666 29077 18145 13500 9910 559 26371 9718,9,-26494 1067 1747 2133,0
20813 17076 13688 10576 7703 5131 2867 902 -786,30332 29140 23874 3020 22873 29485 10726 17276 1218,3,-26885 1551 1824 1995,0
18374 16067 13846 11644 9459 7349 5347 3478 1739,7424 19769 25270 6833 7848 29893 10139 9024 16901,9,-28654 1544 2107 2263,0
30203 14313 6214 1957 -124 -1530 -2071 -2425 -2831,26624 29972 27434 4803 7570 15053 29091 18496 31991,12,-15529 796 997 810,0
23695 11386 4774 1560 -129 -1035 -1990 -2242 -2189,2048 6893 4742 17849 18517 11589 7471 22329 2229,12,-15746 1254 694 959,0
23570 11309 4707 1514 -135 -1049 -1984 -2230 -2176,18432 5854 22845 12711 17975 8258 15489 28622 30189,12,-15722 1298 698 925,0
23573 11310 4709 1516 -132 -1044 -1978 -2222 -2168,26624 18087 6238 28273 12212 7741 27443 26351 19812,12,-15722 1296 696 924,0
23573 11310 4709 1516 -132 -1044 -1978 -2222 -2168,26624 18087 6238 28273 12212 7741 27443 26351 19812,12,-15722 1296 696 924,0
23573 11310 4709 1516 -132 -1044 -1978 -2222 -2168,26624 18087 6238 28273 12212 7741 27443 26351 19812,12,-15722 1296 696 924,0
23573 11310 4709 1516 -132 -1044 -1978 -2222 -2168,26624 18087 6238 28273 12212 7741 27443 26351 19812,12,-15722 1296 696 924,0
23573 11310 4709 1516 -132 -1044 -1978 -2222 -2168,26624 18087 6238 28273 12212 7741 27443 26351 19812,12,-15722 1296 696 924,0
23573 11310 4709 1516 -132 -1044 -1978 -2222 -2168,26624 18087 6238 28273 12212 7741 27443 26351 19812,12,-15722 1296 696 924,0
23573 11310 4709 1516 -132 -1044 -1978 -2222 -2168,26624 18087 6238 28273 12212 7741 27443 26351 19812,12,-15722 1296 696 924,0
23573 11310 4709 1516 -132 -1044 -1978 -2222 -2168,26624 18087 6238 28273 12212 7741 27443 26351 19812,12,-15722 1296 696 924,0
23573 11310 4709 1516 -132 -1044 -1978 -2222 -2168,26624 18087 6238 28273 12212 7741 27443 26351 19812,12,-15722 1296 696 924,0
23573 11310 4709 1516 -132 -1044 -1978 -2222 -2168,26624 18087 6238 28273 12212 7741 27443 26351 19812,12,-15722 1296 696 924,0
23573 11310 4709 1516 -132 -1044 -1978 -2222 -2168,26624 18087 6238 28273 12212 7741 27443 26351 19812,12,-15722 1296 696 924,0
23573 11310 4709 1516 -132 -1044 -1978 -2222 -2168,26624 18087 6238 28273 12212 7741 27443 26351 19812,12,-15722 1296 696 924,0
23573 11310 4709 1516 -132 -1044 -1978 -2222 -2168,26624 18087 6238 28273 12212 7741 27443 26351 19812,12,-15722 1296 696 924,0
23573 11310 4709 1516 -132 -1044 -1978 -2222 -2168,26624 18087 6238 28273 12212 7741 27443 26351 19812,12,-15722 1296 696 924,0
23573 11310 4709 1516 -132 -1044 -1978 -2222 -2168,26624 18087 6238 28273 12212 7741 27443 26351 19812,12,-15722 1296 696 924,0
23573 11310 4709 1516 -132 -1044 -1978 -2222 -2168,26624 18087 6238 28273 12212 7741 27443 26351 19812,12,-15722 1296 696 924,0
16836 3373 302 -639 -785 -666 -747 -789 -807,23552 23809 4089 27801 30987 25955 11144 13932 12044,11,-6566 758 1262 1055,0
17971 4870 1111 -117 -655 -1006 -966 -1069 -1040,1024 3339 4260 32416 25972 13366 7727 8045 29126,11,-8880 411 708 1004,0
17555 4238 425 -505 -705 -844 -997 -955 -799,1024 28389 28640 1952 8712 12920 12212 3821 11204,11,-7912 1185 909 891,0
16869 3374 270 -665 -801 -645 -754 -796 -809,23552 1270 14956 30274 6072 3064 29993 8645 27990,11,-6554 818 1286 1071,0
16892 3363 276 -674 -813 -653 -745 -800 -817,31744 5797 9989 4851 27117 32176 26279 2023 25015,11,-6524 794 1311 1086,0
16892 3363 276 -674 -813 -653 -745 -800 -817,31744 5797 9989 4851 27117 32176 26279 2023 25015,11,-6524 794 1311 1086,0
16894 3364 277 -673 -812 -652 -744 -800 -816,13312 18030 22072 16687 28548 31276 23024 31112 18950,11,-6526 792 1309 1084,0
19123 7234 2209 217 -764 -1229 -1423 -1344 -1453,3072 9868 10451 27937 6733 24909 27315 16742 20291,11,-12396 1055 825 1236,0
27673 17434 10602 5692 2392 7 -1502 -2549 -3267,25600 6496 12016 16543 12303 25565 26685 28468 8168,11,-20644 748 1456 1096,0
20901 9890 4144 1256 -277 -1081 -1442 -1642 -1826,26880 2267 27944 292 14363 20635 8976 448 30143,9,-15505 1080 897 1087,0
19789 9340 4015 1335 -11 -837 -1251 -1519 -1582,5120 20487 5303 4708 28510 26536 8591 8699 24542,11,-15467 839 788 800,0
21388 10077 4491 1455 -431 -1159 -1640 -1715 -1619,28672 9685 18219 7798 24756 15667 25259 17767 4825,13,-15439 505 1060 1577,0
20909 9916 4411 1454 -358 -1043 -1519 -1616 -1639,12288 7884 13786 32455 14588 22774 3313 31858 26953,13,-15540 589 1004 1501,0
20903 9911 4407 1451 -361 -1044 -1521 -1617 -1640,28672 24446 6225 17223 24375 15708 13757 25839 29204,13,-15537 592 1005 1502,0
20903 9911 4407 1451 -361 -1044 -1521 -1617 -1640,28672 24446 6225 17223 24375 15708 13757 25839 29204,13,-15537 592 1005 1502,0
20903 9911 4407 1451 -361 -1044 -1521 -1617 -1640,28672 24446 6225 17223 24375 15708 13757 25839 29204,13,-15537 592 1005 1502,0
20903 9911 4407 1451 -361 -1044 -1521 -1617 -1640,28672 24446 6225 17223 24375 15708 13757 25839 29204,13,-15537 592 1005 1502,0
20903 9911 4407 1451 -361 -1044 -1521 -1617 -1640,28672 24446 6225 17223 24375 15708 13757 25839 29204,13,-15537 592 1005 1502,0
20903 9911 4407 1451 -361 -1044 -1521 -1617 -1640,28672 24446 6225 17223 24375 15708 13757 25839 29204,13,-15537 592 1005 1502,0
20903 9911 4407 1451 -361 -1044 -1521 -1617 -1640,28672 24446 6225 17223 24375 15708 13757 25839 29204,13,-15537 592 1005 1502,0
20903 9911 4407 1451 -361 -1044 -1521 -1617 -1640,28672 24446 6225 17223 24375 15708 13757 25839 29204,13,-15537 592 1005 1502,0
26672 14702 8473 5005 2891 2178 1629 939 59,0 6371 14152 7428 28563 15029 12508 12354 19790,20,-18062 -652 -239 95,0
28160 25569 23445 21288 19111 16929 14756 12605 10490,0 1108 9348 1728 16376 24116 21782 27314 9698,25,-29753 -1517 1312 1568,1
16573 1513 -159 -619 -502 -475 -646 -463 -716,12288 5486 15451 9056 9621 29276 28713 13553 1771,13,-2992 592 1150 786,1
16518 1281 -345 -597 -526 -635 -623 -589 -612,29696 4453 4332 18035 13488 19954 30590 21183 11828,11,-2541 887 1067 890,0
18878 1547 -355 -463 -648 -659 -597 -671 -603,2560 2092 11932 8407 5816 16664 2043 16328 25902,10,-2685 841 688 1024,0
16543 511 -364 -392 -438 -507 -544 -547 -522,10496 19121 28559 20523 24290 12275 723 14598 25263,9,-1013 751 730 837,0
25045 739 -551 -653 -715 -747 -818 -792 -779,7936 28493 5864 23285 13508 19206 10055 27388 11964,9,-968 750 811 903,0
16401 532 -332 -352 -413 -484 -525 -533 -507,19712 17777 1381 31184 8275 19453 6274 10627 17726,9,-1064 698 658 796,0
25079 1929 -426 -679 -762 -812 -879 -829 -896,12032 9963 16358 21702 16134 21954 9867 22371 4464,9,-2521 754 790 883,0
18464 1511 -323 -478 -561 -575 -625 -624 -636,1920 6843 8965 15624 19964 3034 2175 11235 23646,8,-2682 798 740 883,0
26957 21792 17307 13239 9474 6265 3420 898 -1265,15616 2515 27712 2523 12222 10906 28507 29320 1021,9,-26489 1083 1736 2103,0
20832 17110 13714 10599 7724 5145 2871 894 -810,20116 21136 20389 15789 22932 25954 18366 4447 15443,3,-26914 1639 1803 1993,0
18312 16011 13791 11591 9411 7309 5307 3432 1693,32512 32216 12030 10588 13067 18101 18338 24985 16964,9,-28651 1586 2098 2250,0
30203 14313 6214 1957 -124 -1530 -2071 -2425 -2831,26624 29972 27434 4803 7570 15053 29091 18496 31991,12,-15529 796 997 810,0
23695 11386 4774 1560 -129 -1035 -1990 -2242 -2189,2048 6893 4742 17849 18517 11589 7471 22329 2229,12,-15746 1254 694 959,0
23573 11310 4709 1516 -132 -1044 -1978 -2222 -2168,26624 18087 6238 28273 12212 7741 27443 26351 19812,12,-15722 1296 696 924,0
23569 11307 4705 1512 -137 -1051 -1985 -2231 -2178,26624 14115 27219 9314 11088 18025 12842 10965 30875,12,-15720 1298 699 926,0
23570 11309 4707 1514 -135 -1049 -1984 -2230 -2176,18432 5854 22845 12711 17975 8258 15489 28622 30189,12,-15722 1298 698 925,0
23573 11310 4709 1516 -132 -1044 -1978 -2222 -2168,26624 18087 6238 28273 12212 7741 27443 26351 19812,12,-15722 1296 696 924,0
23573 11310 4709 1516 -132 -1044 -1978 -2222 -2168,26624 18087 6238 28273 12212 7741 27443 26351 19812,12,-15722 1296 696 924,0
23573 11310 4709 1516 -132 -1044 -1978 -2222 -2168,26624 18087 6238 28273 12212 7741 27443 26351 19812,12,-15722 1296 696 924,0
23573 11310 4709 1516 -132 -1044 -1978 -2222 -2168,26624 18087 6238 28273 12212 7741 27443 26351 19812,12,-15722 1296 696 924,0
23573 11310 4709 1516 -132 -1044 -1978 -2222 -2168,26624 18087 6238 28273 12212 7741 27443 26351 19812,12,-15722 1296 696 924,0
23573 11310 4709 1516 -132 -1044 -1978 -2222 -2168,26624 18087 6238 28273 12212 7741 27443 26351 19812,12,-15722 1296 696 924,0
23573 11310 4709 1516 -132 -1044 -1978 -2222 -2168,26624 18087 6238 28273 12212 7741 27443 26351 19812,12,-15722 1296 696 924,0
23573 11310 4709 1516 -132 -1044 -1978 -2222 -2168,26624 18087 6238 28273 12212 7741 27443 26351 19812,12,-15722 1296 696 924,0
23573 11310 4709 1516 -132 -1044 -1978 -2222 -2168,26624 18087 6238 28273 12212 7741 27443 26351 19812,12,-15722 1296 696 924,0
23573 11310 4709 1516 -132 -1044 -1978 -2222 -2168,26624 18087 6238 28273 12212 7741 27443 26351 19812,12,-15722 1296 696 924,0
23573 11310 4709 1516 -132 -1044 -1978 -2222 -2168,26624 18087 6238 28273 12212 7741 27443 26351 19812,12,-15722 1296 696 924,0
23573 11310 4709 1516 -132 -1044 -1978 -2222 -2168,26624 18087 6238 28273 12212 7741 27443 26351 19812,12,-15722 1296 696 924,0
23573 11310 4709 1516 -132 -1044 -1978 -2222 -2168,26624 18087 6238 28273 12212 7741 27443 26351 19812,12,-15722 1296 696 924,0
23573 11310 4709 1516 -132 -1044 -1978 -2222 -2168,26624 18087 6238 28273 12212 7741 27443 26351 19812,12,-15722 1296 696 924,0
16835 3372 301 -640 -786 -667 -748 -790 -808,21504 23849 4238 28130 31567 26855 10464 11791 23831,11,-6564 759 1263 1057,0
17971 4870 1111 -117 -655 -1006 -966 -1069 -1040,1024 3339 4260 32416 25972 13366 7727 8045 29126,11,-8880 411 708 1004,0
17555 4238 425 -505 -705 -844 -997 -955 -799,1024 28389 28640 1952 8712 12920 12212 3821 11204,11,-7912 1185 909 891,0
16869 3374 270 -665 -801 -645 -754 -796 -809,23552 1270 14956 30274 6072 3064 29993 8645 27990,11,-6554 818 1286 1071,0
16892 3363 276 -674 -813 -653 -745 -800 -817,31744 5797 9989 4851 27117 32176 26279 2023 25015,11,-6524 794 1311 1086,0
16894 3364 277 -673 -812 -652 -744 -800 -816,13312 18030 22072 16687 28548 31276 23024 31112 18950,11,-6526 792 1309 1084,0
16892 3363 276 -674 -813 -653 -745 -800 -817,31744 5797 9989 4851 27117 32176 26279 2023 25015,11,-6524 794 1311 1086,0
19286 7424 2434 373 -488 -803 -1109 -1193 -1340,21504 12565 19857 23234 23627 13852 24542 10260 19628,11,-12614 845 791 831,0
27660 17427 10595 5687 2362 -11 -1515 -2599 -3303,19456 10864 17133 3996 9591 3926 15871 20353 22439,11,-20645 755 1455 1147,0
20901 9890 4144 1256 -277 -1081 -1442 -1642 -1826,26880 2267 27944 292 14363 20635 8976 448 30143,9,-15505 1080 897 1087,0
19789 9340 4015 1335 -11 -837 -1251 -1519 -1582,5120 20487 5303 4708 28510 26536 8591 8699 24542,11,-15467 839 788 800,0
21388 10077 4491 1455 -431 -1159 -1640 -1715 -1619,28672 9685 18219 7798 24756 15667 25259 17767 4825,13,-15439 505 1060 1577,0
20909 9916 4411 1454 -358 -1043 -1519 -1616 -1639,12288 7884 13786 32455 14588 22774 3313 31858 26953,13,-15540 589 1004 1501,0
20903 9911 4407 1451 -361 -1044 -1521 -1617 -1640,28672 24446 6225 17223 24375 15708 13757 25839 29204,13,-15537 592 1005 1502,0
20903 9911 4407 1451 -361 -1044 -1521 -1617 -1640,28672 24446 6225 17223 24375 15708 13757 25839 29204,13,-15537 592 1005 1502,0
20903 9911 4407 1451 -361 -1044 -1521 -1617 -1640,28672 24446 6225 17223 24375 15708 13757 25839 29204,13,-15537 592 1005 1502,0
20903 9911 4407 1451 -361 -1044 -1521 -1617 -1640,28672 24446 6225 17223 24375 15708 13757 25839 29204,13,-15537 592 1005 1502,0
20903 9911 4407 1451 -361 -1044 -1521 -1617 -1640,28672 24446 6225 17223 24375 15708 13757 25839 29204,13,-15537 592 1005 1502,0
20903 9911 4407 1451 -361 -1044 -1521 -1617 -1640,28672 24446 6225 17223 24375 15708 13757 25839 29204,13,-15537 592 1005 1502,0
20903 9911 4407 1451 -361 -1044 -1521 -1617 -1640,28672 24446 6225 17223 24375 15708 13757 25839 29204,13,-15537 592 1005 1502,0
20903 9911 4407 1451 -361 -1044 -1521 -1617 -1640,28672 24446 6225 17223 24375 15708 13757 25839 29204,13,-15537 592 1005 1502,0
26672 14702 8473 5005 2891 2178 1629 939 59,0 6371 14152 7428 28563 15029 12508 12354 19790,20,-18062 -652 -239 95,0
28160 25569 23445 21288 19111 16929 14756 12605 10490,0 1108 9348 1728 16376 24116 21782 27314 9698,25,-29753 -1517 1312 1568,1
16573 1513 -159 -619 -502 -475 -646 -463 -716,12288 5486 15451 9056 9621 29276 28713 13553 1771,13,-2992 592 1150 786,1
16518 1281 -345 -597 -526 -635 -623 -589 -612,29696 4453 4332 18035 13488 19954 30590 21183 11828,11,-2541 887 1067 890,0
18878 1547 -355 -463 -648 -659 -597 -671 -603,2560 2092 11932 8407 5816 16664 2043 16328 25902,10,-2685 841 688 1024,0
16543 511 -364 -392 -438 -507 -544 -547 -522,10496 19121 28559 20523 24290 12275 723 14598 25263,9,-1013 751 730 837,0
25045 739 -551 -653 -715 -747 -818 -792 -779,7936 28493 5864 23285 13508 19206 10055 27388 11964,9,-968 750 811 903,0
16401 532 -332 -352 -413 -484 -525 -533 -507,19712 17777 1381 31184 8275 19453 6274 10627 17726,9,-1064 698 658 796,0
25079 1929 -426 -679 -762 -812 -879 -829 -896,12032 9963 16358 21702 16134 21954 9867 22371 4464,9,-2521 754 790 883,0
18464 1511 -323 -478 -561 -575 -625 -624 -636,1920 6843 8965 15624 19964 3034 2175 11235 23646,8,-2682 798 740 883,0
26957 21792 17307 13239 9474 6265 3420 898 -1265,15616 2515 27712 2523 12222 10906 28507 29320 1021,9,-26489 1083 1736 2103,0
20836 17115 13715 10600 7724 5146 2871 893 -807,28404 7226 30306 28876 3562 30266 14723 617 4012,3,-26915 1655 1791 2003,0
18307 16023 13807 11608 9433 7332 5329 3454 1714,18688 6171 31061 2967 16396 27271 28880 29409 25964,9,-28679 1652 2133 2210,0
30203 14313 6214 1957 -124 -1530 -2071 -2425 -2831,26624 29972 27434 4803 7570 15053 29091 18496 31991,12,-15529 796 997 810,0
23695 11386 4774 1560 -129 -1035 -1990 -2242 -2189,2048 6893 4742 17849 18517 11589 7471 22329 2229,12,-15746 1254 694 959,0
23570 11307 4706 1513 -135 -1047 -1980 -2224 -2170,30720 22297 10761 29260 13952 30359 14276 6556 24313,12,-15720 1297 697 925,0
23573 11310 4709 1516 -132 -1044 -1978 -2222 -2168,26624 18087 6238 28273 12212 7741 27443 26351 19812,12,-15722 1296 696 924,0
23573 11310 4709 1516 -132 -1044 -1978 -2222 -2168,26624 18087 6238 28273 12212 7741 27443 26351 19812,12,-15722 1296 696 924,0
23573 11310 4709 1516 -132 -1044 -1978 -2222 -2168,26624 18087 6238 28273 12212 7741 27443 26351 19812,12,-15722 1296 696 924,0
23573 11310 4709 1516 -132 -1044 -1978 -2222 -2168,26624 18087 6238 28273 12212 7741 27443 26351 19812,12,-15722 1296 696 924,0
23573 11310 4709 1516 -132 -1044 -1978 -2222 -2168,26624 18087 6238 28273 12212 7741 27443 26351 19812,12,-15722 1296 696 924,0
23573 11310 4709 1516 -132 -1044 -1978 -2222 -2168,26624 18087 6238 28273 12212 7741 27443 26351 19812,12,-15722 1296 696 924,0
23573 11310 4709 1516 -132 -1044 -1978 -2222 -2168,26624 18087 6238 28273 12212 7741 27443 26351 19812,12,-15722 1296 696 924,0
23573 11310 4709 1516 -132 -1044 -1978 -2222 -2168,26624 18087 6238 28273 12212 7741 27443 26351 19812,12,-15722 1296 696 924,0
23573 11310 4709 1516 -132 -1044 -1978 -2222 -2168,26624 18087 6238 28273 12212 7741 27443 26351 19812,12,-15722 1296 696 924,0
23573 11310 4709 1516 -132 -1044 -1978 -2222 -2168,26624 18087 6238 28273 12212 7741 27443 26351 19812,12,-15722 1296 696 924,0
23573 11310 4709 1516 -132 -1044 -1978 -2222 -2168,26624 18087 6238 28273 12212 7741 27443 26351 19812,12,-15722 1296 696 924,0
23573 11310 4709 1516 -132 -1044 -1978 -2222 -2168,26624 18087 6238 28273 12212 7741 27443 26351 19812,12,-15722 1296 696 924,0
23573 11310 4709 1516 -132 -1044 -1978 -2222 -2168,26624 18087 6238 28273 12212 7741 27443 26351 19812,12,-15722 1296 696 924,0
23573 11310 4709 1516 -132 -1044 -1978 -2222 -2168,26624 18087 6238 28273 12212 7741 27443 26351 19812,12,-15722 1296 696 924,0
23573 11310 4709 1516 -132 -1044 -1978 -2222 -2168,26624 18087 6238 28273 12212 7741 27443 26351 19812,12,-15722 1296 696 924,0
23573 11310 4709 1516 -132 -1044 -1978 -2222 -2168,26624 18087 6238 28273 12212 7741 27443 26351 19812,12,-15722 1296 696 924,0
16836 3373 302 -639 -785 -666 -747 -789 -807,23552 23809 4089 27801 30987 25955 11144 13932 12044,11,-6566 758 1262 1055,0
17971 4870 1111 -117 -655 -1006 -966 -1069 -1040,1024 3339 4260 32416 25972 13366 7727 8045 29126,11,-8880 411 708 1004,0
17555 4238 425 -505 -705 -844 -997 -955 -799,1024 28389 28640 1952 8712 12920 12212 3821 11204,11,-7912 1185 909 891,0
16869 3374 270 -665 -801 -645 -754 -796 -809,23552 1270 14956 30274 6072 3064 29993 8645 27990,11,-6554 818 1286 1071,0
16892 3363 276 -674 -813 -653 -745 -800 -817,31744 5797 9989 4851 27117 32176 26279 2023 25015,11,-6524 794 1311 1086,0
16892 3363 276 -674 -813 -653 -745 -800 -817,31744 5797 9989 4851 27117 32176 26279 2023 25015,11,-6524 794 1311 1086,0
16894 3364 277 -673 -812 -652 -744 -800 -816,13312 18030 22072 16687 28548 31276 23024 31112 18950,11,-6526 792 1309 1084,0
19286 7424 2434 373 -488 -803 -1109 -1193 -1340,21504 12565 19857 23234 23627 13852 24542 10260 19628,11,-12614 845 791 831,0
27686 17451 10623 5717 2393 29 -1472 -2550 -3250,25600 30368 27247 2235 27817 13726 7747 3056 9959,11,-20655 740 1447 1136,0
20901 9890 4144 1256 -277 -1081 -1442 -1642 -1825,29440 5335 31512 3333 18387 25116 13895 4327 1667,9,-15505 1080 897 1087,0
19789 9340 4015 1335 -11 -837 -1251 -1519 -1582,5120 20487 5303 4708 28510 26536 8591 8699 24542,11,-15467 839 788 800,0
21388 10077 4491 1455 -431 -1159 -1640 -1715 -1619,28672 9685 18219 7798 24756 15667 25259 17767 4825,13,-15439 505 1060 1577,0
20909 9916 4411 1454 -358 -1043 -1519 -1616 -1639,12288 7884 13786 32455 14588 22774 3313 31858 26953,13,-15540 589 1004 1501,0
20903 9911 4407 1451 -361 -1044 -1521 -1617 -1640,28672 24446 6225 17223 24375 15708 13757 25839 29204,13,-15537 592 1005 1502,0
20903 9911 4407 1451 -361 -1044 -1521 -1617 -1640,28672 24446 6225 17223 24375 15708 13757 25839 29204,13,-15537 592 1005 1502,0
20903 9911 4407 1451 -361 -1044 -1521 -1617 -1640,28672 24446 6225 17223 24375 15708 13757 25839 29204,13,-15537 592 1005 1502,0
20903 9911 4407 1451 -361 -1044 -1521 -1617 -1640,28672 24446 6225 17223 24375 15708 13757 25839 29204,13,-15537 592 1005 1502,0
20903 9911 4407 1451 -361 -1044 -1521 -1617 -1640,28672 24446 6225 17223 24375 15708 13757 25839 29204,13,-15537 592 1005 1502,0
20903 9911 4407 1451 -361 -1044 -1521 -1617 -1640,28672 24446 6225 17223 24375 15708 13757 25839 29204,13,-15537 592 1005 1502,0
20903 9911 4407 1451 -361 -1044 -1521 -1617 -1640,28672 24446 6225 17223 24375 15708 13757 25839 29204,13,-15537 592 1005 1502,0
20903 9911 4407 1451 -361 -1044 -1521 -1617 -1640,28672 24446 6225 17223 24375 15708 13757 25839 29204,13,-15537 592 1005 1502,0
26672 14702 8473 5005 2891 2178 1629 939 59,0 6371 14152 7428 28563 15029 12508 12354 19790,20,-18062 -652 -239 95,0
28160 25569 23445 21288 19111 16929 14756 12605 10490,0 1108 9348 1728 16376 24116 21782 27314 9698,25,-29753 -1517 1312 1568,1
18089 8872 4024 1242 -146 -874 -1382 -1395 -1731,8192 8355 22317 29229 20335 22003 31603 4546 20404,14,-16072 780 1353 931,1
17996 8538 3625 984 -301 -904 -1017 -1452 -1680,24576 21593 8 16810 29797 17143 2539 26052 12424,14,-15547 1001 1239 974,0
17994 8537 3624 984 -301 -903 -1015 -1449 -1670,24576 5268 16467 591 29797 16242 15705 20837 5176,14,-15546 1000 1240 973,0
18001 8543 3630 987 -297 -899 -1010 -1446 -1668,8192 5031 31885 15823 27476 28574 9270 108 31191,14,-15551 995 1243 968,0
17994 8537 3624 984 -301 -903 -1015 -1449 -1670,24576 5268 16467 591 29797 16242 15705 20837 5176,14,-15546 1000 1240 973,0
18001 8543 3630 987 -297 -899 -1010 -1446 -1668,8192 5031 31885 15823 27476 28574 9270 108 31191,14,-15551 995 1243 968,0
17994 8537 3624 984 -301 -903 -1015 -1449 -1670,24576 5268 16467 591 29797 16242 15705 20837 5176,14,-15546 1000 1240 973,0
18001 8543 3630 987 -297 -899 -1010 -1446 -1668,8192 5031 31885 15823 27476 28574 9270 108 31191,14,-15551 995 1243 968,0
17994 8537 3624 984 -301 -903 -1015 -1449 -1670,24576 5268 16467 591 29797 16242 15705 20837 5176,14,-15546 1000 1240 973,0
18001 8543 3630 987 -297 -899 -1010 -1446 -1668,8192 5031 31885 15823 27476 28574 9270 108 31191,14,-15551 995 1243 968,0
17994 8537 3624 984 -301 -903 -1015 -1449 -1670,24576 5268 16467 591 29797 16242 15705 20837 5176,14,-15546 1000 1240 973,0
18001 8543 3630 987 -297 -899 -1010 -1446 -1668,8192 5031 31885 15823 27476 28574 9270 108 31191,14,-15551 995 1243 968,0
17994 8537 3624 984 -301 -903 -1015 -1449 -1670,24576 5268 16467 591 29797 16242 15705 20837 5176,14,-15546 1000 1240 973,0
26224 17962 12996 10422 8644 7251 6671 5999 5543,0 8069 27621 9038 5951 5088 7935 29226 5496,20,-22445 -1632 -2522 -1240,0
17312 12912 8473 6715 4903 3049 1168 -364 -1848,0 11864 14152 28632 19939 27595 7731 12130 9090,21,-24440 4938 -6065 3681,0
31936 22245 12614 8616 6035 3361 245 -2667 -3100,0 1947 19098 19424 6896 1655 30946 12496 19476,22,-22825 5740 -4499 1365,0
31936 22245 12614 8616 6035 3361 245 -2667 -3100,0 1947 19098 19424 6896 1655 30946 12496 19476,22,-22825 5740 -4499 1365,0
32064 22372 12742 8743 6160 3485 368 -2546 -2981,0 29641 94 10072 30933 17494 30035 19375 26289,22,-22864 5714 -4526 1341,0
32064 22372 12742 8743 6160 3485 368 -2546 -2981,0 29641 94 10072 30933 17494 30035 19375 26289,22,-22864 5714 -4526 1341,0
25170 19329 14683 10379 7163 4162 1626 -260 -2068,8192 19342 5484 23187 28361 13503 16369 2014 15985,14,-25164 511 2445 326,0
25651 12518 5983 2303 615 -597 -1554 -2356 -2116,16384 27481 25034 20703 29423 27572 16881 30434 32470,15,-15992 211 930 343,0
25295 11865 5236 1668 -58 -1119 -2025 -2561 -2244,16384 20635 5465 2585 1464 19492 24975 14419 15397,15,-15371 548 1048 774,0
25298 11869 5239 1671 -56 -1117 -2024 -2561 -2244,16384 20477 5020 1598 304 17692 23688 14419 15397,15,-15374 548 1046 774,0
25298 11869 5239 1671 -56 -1117 -2024 -2561 -2244,16384 20477 5020 1598 304 17692 23688 14419 15397,15,-15374 548 1046 774,0
17645 8245 3252 783 -478 -1004 -1217 -1534 -1566,14336 16842 18691 9964 15813 15549 12050 17319 30491,12,-15312 1427 1056 1196,0
27488 12661 5386 1362 -804 -1549 -1799 -2200 -2296,12288 21813 32123 22181 23906 16224 1674 7504 17998,13,-15094 674 1376 1374,0
17864 9444 5240 2676 1288 824 445 45 -299,0 18411 4871 27719 25195 23010 25370 14867 32120,19,-17324 -629 564 216,0
18089 8872 4024 1242 -146 -874 -1382 -1395 -1731,8192 8355 22317 29229 20335 22003 31603 4546 20404,14,-16072 780 1353 931,1
17996 8538 3625 984 -301 -904 -1017 -1452 -1680,24576 21593 8 16810 29797 17143 2539 26052 12424,14,-15547 1001 1239 974,0
17994 8537 3624 984 -301 -903 -1015 -1449 -1670,24576 5268 16467 591 29797 16242 15705 20837 5176,14,-15546 1000 1240 973,0
18001 8543 3630 987 -297 -899 -1010 -1446 -1668,8192 5031 31885 15823 27476 28574 9270 108 31191,14,-15551 995 1243 968,0
17994 8537 3624 984 -301 -903 -1015 -1449 -1670,24576 5268 16467 591 29797 16242 15705 20837 5176,14,-15546 1000 1240 973,0
18001 8543 3630 987 -297 -899 -1010 -1446 -1668,8192 5031 31885 15823 27476 28574 9270 108 31191,14,-15551 995 1243 968,0
17994 8537 3624 984 -301 -903 -1015 -1449 -1670,24576 5268 16467 591 29797 16242 15705 20837 5176,14,-15546 1000 1240 973,0
18001 8543 3630 987 -297 -899 -1010 -1446 -1668,8192 5031 31885 15823 27476 28574 9270 108 31191,14,-15551 995 1243 968,0
17994 8537 3624 984 -301 -903 -1015 -1449 -1670,24576 5268 16467 591 29797 16242 15705 20837 5176,14,-15546 1000 1240 973,0
16810 -190 -410 -469 -453 -479 -487 -499 -494,13792 11045 3533 32176 7470 21860 15344 14555 12725,6,370 803 931 926,0
25132 18473 14509 10905 7718 4924 2408 384 -1339,2560 19519 30298 16349 12127 25605 3460 2557 25960,10,-24086 -2640 1110 1591,0
17272 10132 6255 3905 2506 1382 323 -488 -767,24576 7505 17269 28787 10534 30547 9253 10465 2120,14,-19222 -902 -169 -211,0
17939 8532 3750 949 -354 -911 -1025 -1462 -1710,24576 21831 14068 28328 28360 7510 12835 12405 18913,14,-15585 727 1616 947,0
17287 8921 4419 2381 1318 538 -123 -483 -1017,0 6412 28909 27475 7788 25543 910 1774 246,16,-16910 475 -510 -83,0
16787 8661 4206 2304 1320 581 -66 -275 -908,0 16718 27914 20374 6628 18699 21987 12574 29567,16,-16907 697 -725 -138,0
18031 8616 3837 1025 -329 -1091 -1520 -1485 -1716,24576 18502 17461 3319 29950 10218 20340 5841 1901,14,-15658 659 1584 1000,0
17996 8539 3625 984 -301 -904 -1018 -1453 -1676,24576 5189 8 16810 13704 17143 19567 12276 18680,14,-15548 1003 1239 975,0
17287 8921 4419 2381 1318 538 -123 -483 -1017,0 6412 28909 27475 7788 25543 910 1774 246,16,-16910 475 -510 -83,0
16787 8661 4206 2304 1320 581 -66 -275 -908,0 16718 27914 20374 6628 18699 21987 12574 29567,16,-16907 697 -725 -138,0
18031 8616 3837 1025 -329 -1091 -1520 -1485 -1716,24576 18502 17461 3319 29950 10218 20340 5841 1901,14,-15658 659 1584 1000,0
17996 8539 3625 984 -301 -904 -1018 -1453 -1676,24576 5189 8 16810 13704 17143 19567 12276 18680,14,-15548 1003 1239 975,0
17287 8921 4419 2381 1318 538 -123 -483 -1017,0 6412 28909 27475 7788 25543 910 1774 246,16,-16910 475 -510 -83,0
18036 8657 3848 1022 -333 -1062 -1515 -1491 -1724,24576 16876 15828 4306 83 31913 29645 16270 19907,14,-15728 725 1593 992,0
28155 13839 6434 3041 915 -588 -1584 -2247 -1787,0 7849 23312 4928 16299 19470 24013 27142 24379,16,-16107 564 -96 806,0
30196 14310 6187 1951 -120 -1522 -2087 -2423 -2818,10240 17817 31442 18941 13295 7851 2463 30535 2731,12,-15529 831 969 806,0
29198 13968 6037 1733 -469 -1470 -2176 -2446 -2385,12288 19100 8861 29854 22662 24773 30444 698 4696,13,-15676 939 1219 1076,0
17912 9492 5303 2756 1744 995 491 30 -343,0 16508 28137 1394 18121 28404 29125 9911 9085,19,-17365 -695 500 -775,0
28160 25569 23445 21288 19111 16929 14756 12605 10490,0 1108 9348 1728 16376 24116 21782 27314 9698,25,-29753 -1517 1312 1568,1
18089 8872 4024 1242 -146 -874 -1382 -1395 -1731,8192 8355 22317 29229 20335 22003 31603 4546 20404,14,-16072 780 1353 931,1
17996 8538 3625 984 -301 -904 -1017 -1452 -1680,24576 21593 8 16810 29797 17143 2539 26052 12424,14,-15547 1001 1239 974,0
17994 8537 3624 984 -301 -903 -1015 -1449 -1670,24576 5268 16467 591 29797 16242 15705 20837 5176,14,-15546 1000 1240 973,0
18001 8543 3630 987 -297 -899 -1010 -1446 -1668,8192 5031 31885 15823 27476 28574 9270 108 31191,14,-15551 995 1243 968,0
17994 8537 3624 984 -301 -903 -1015 -1449 -1670,24576 5268 16467 591 29797 16242 15705 20837 5176,14,-15546 1000 1240 973,0
18001 8543 3630 987 -297 -899 -1010 -1446 -1668,8192 5031 31885 15823 27476 28574 9270 108 31191,14,-15551 995 1243 968,0
17994 8537 3624 984 -301 -903 -1015 -1449 -1670,24576 5268 16467 591 29797 16242 15705 20837 5176,14,-15546 1000 1240 973,0
18001 8543 3630 987 -297 -899 -1010 -1446 -1668,8192 5031 31885 15823 27476 28574 9270 108 31191,14,-15551 995 1243 968,0
17994 8537 3624 984 -301 -903 -1015 -1449 -1670,24576 5268 16467 591 29797 16242 15705 20837 5176,14,-15546 1000 1240 973,0
18001 8543 3630 987 -297 -899 -1010 -1446 -1668,8192 5031 31885 15823 27476 28574 9270 108 31191,14,-15551 995 1243 968,0
17994 8537 3624 984 -301 -903 -1015 -1449 -1670,24576 5268 16467 591 29797 16242 15705 20837 5176,14,-15546 1000 1240 973,0
18001 8543 3630 987 -297 -899 -1010 -1446 -1668,8192 5031 31885 15823 27476 28574 9270 108 31191,14,-15551 995 1243 968,0
17994 8537 3624 984 -301 -903 -1015 -1449 -1670,24576 5268 16467 591 29797 16242 15705 20837 5176,14,-15546 1000 1240 973,0
26224 17962 12996 10422 8644 7251 6671 5999 5543,0 8069 27621 9038 5951 5088 7935 29226 5496,20,-22445 -1632 -2522 -1240,0
17312 12912 8473 6715 4903 3049 1168 -364 -1848,0 11864 14152 28632 19939 27595 7731 12130 9090,21,-24440 4938 -6065 3681,0
31936 22245 12614 8616 6035 3361 245 -2667 -3100,0 1947 19098 19424 6896 1655 30946 12496 19476,22,-22825 5740 -4499 1365,0
31936 22245 12614 8616 6035 3361 245 -2667 -3100,0 1947 19098 19424 6896 1655 30946 12496 19476,22,-22825 5740 -4499 1365,0
32064 22372 12742 8743 6160 3485 368 -2546 -2981,0 29641 94 10072 30933 17494 30035 19375 26289,22,-22864 5714 -4526 1341,0
32064 22372 12742 8743 6160 3485 368 -2546 -2981,0 29641 94 10072 30933 17494 30035 19375 26289,22,-22864 5714 -4526 1341,0
25666 19832 14728 10410 7170 4125 1614 -279 -2114,8192 15769 31422 29205 24300 30878 16074 4011 27969,14,-25320 1888 1536 302,0
25641 12506 5974 2293 600 -614 -1569 -2370 -2130,16384 27957 26371 23994 5939 11009 4707 23740 2947,15,-15983 210 937 358,0
25295 11865 5236 1668 -58 -1119 -2025 -2561 -2244,16384 20635 5465 2585 1464 19492 24975 14419 15397,15,-15371 548 1048 774,0
25298 11869 5239 1671 -56 -1117 -2024 -2561 -2244,16384 20477 5020 1598 304 17692 23688 14419 15397,15,-15374 548 1046 774,0
25298 11869 5239 1671 -56 -1117 -2024 -2561 -2244,16384 20477 5020 1598 304 17692 23688 14419 15397,15,-15374 548 1046 774,0
17645 8245 3252 783 -478 -1004 -1217 -1534 -1566,14336 16842 18691 9964 15813 15549 12050 17319 30491,12,-15312 1427 1056 1196,0
27488 12661 5386 1362 -804 -1549 -1799 -2200 -2296,12288 21813 32123 22181 23906 16224 1674 7504 17998,13,-15094 674 1376 1374,0
17864 9444 5240 2676 1288 824 445 45 -299,0 18411 4871 27719 25195 23010 25370 14867 32120,19,-17324 -629 564 216,0
18089 8872 4024 1242 -146 -874 -1382 -1395 -1731,8192 8355 22317 29229 20335 22003 31603 4546 20404,14,-16072 780 1353 931,1
17996 8538 3625 984 -301 -904 -1017 -1452 -1680,24576 21593 8 16810 29797 17143 2539 26052 12424,14,-15547 1001 1239 974,0
17994 8537 3624 984 -301 -903 -1015 -1449 -1670,24576 5268 16467 591 29797 16242 15705 20837 5176,14,-15546 1000 1240 973,0
18001 8543 3630 987 -297 -899 -1010 -1446 -1668,8192 5031 31885 15823 27476 28574 9270 108 31191,14,-15551 995 1243 968,0
17994 8537 3624 984 -301 -903 -1015 -1449 -1670,24576 5268 16467 591 29797 16242 15705 20837 5176,14,-15546 1000 1240 973,0
18001 8543 3630 987 -297 -899 -1010 -1446 -1668,8192 5031 31885 15823 27476 28574 9270 108 31191,14,-15551 995 1243 968,0
17994 8537 3624 984 -301 -903 -1015 -1449 -1670,24576 5268 16467 591 29797 16242 15705 20837 5176,14,-15546 1000 1240 973,0
18001 8543 3630 987 -297 -899 -1010 -1446 -1668,8192 5031 31885 15823 27476 28574 9270 108 31191,14,-15551 995 1243 968,0
17994 8537 3624 984 -301 -903 -1015 -1449 -1670,24576 5268 16467 591 29797 16242 15705 20837 5176,14,-15546 1000 1240 973,0
16810 -190 -410 -469 -453 -479 -487 -499 -494,13792 11045 3533 32176 7470 21860 15344 14555 12725,6,370 803 931 926,0
25082 18426 14465 10863 7680 4894 2385 370 -1341,31232 20359 6250 15978 31157 27717 26177 12347 30461,10,-24072 -2635 1114 1590,0
17247 10107 6231 3882 2490 1369 315 -493 -767,8192 24860 4522 20136 3725 10383 19550 3641 32638,14,-19204 -890 -161 -219,0
17939 8532 3750 949 -354 -911 -1025 -1462 -1710,24576 21831 14068 28328 28360 7510 12835 12405 18913,14,-15585 727 1616 947,0
17287 8921 4419 2381 1318 538 -123 -483 -1017,0 6412 28909 27475 7788 25543 910 1774 246,16,-16910 475 -510 -83,0
16787 8661 4206 2304 1320 581 -66 -275 -908,0 16718 27914 20374 6628 18699 21987 12574 29567,16,-16907 697 -725 -138,0
18031 8616 3837 1025 -329 -1091 -1520 -1485 -1716,24576 18502 17461 3319 29950 10218 20340 5841 1901,14,-15658 659 1584 1000,0
18003 8545 3631 987 -297 -900 -1013 -1451 -1673,8192 4951 15427 32043 11383 29475 13131 24313 11928,14,-15553 997 1242 969,0
17287 8921 4419 2381 1318 538 -123 -483 -1017,0 6412 28909 27475 7788 25543 910 1774 246,16,-16910 475 -510 -83,0
16787 8661 4206 2304 1320 581 -66 -275 -908,0 16718 27914 20374 6628 18699 21987 12574 29567,16,-16907 697 -725 -138,0
18031 8616 3837 1025 -329 -1091 -1520 -1485 -1716,24576 18502 17461 3319 29950 10218 20340 5841 1901,14,-15658 659 1584 1000,0
17996 8539 3625 984 -301 -904 -1018 -1453 -1676,24576 5189 8 16810 13704 17143 19567 12276 18680,14,-15548 1003 1239 975,0
17287 8921 4419 2381 1318 538 -123 -483 -1017,0 6412 28909 27475 7788 25543 910 1774 246,16,-16910 475 -510 -83,0
18032 8657 3843 1016 -343 -1069 -1528 -1505 -1740,8192 512 16571 22500 5885 6347 30637 9576 25402,14,-15731 738 1595 1006,0
28153 13839 6432 3039 911 -590 -1588 -2254 -1794,0 7849 23609 5586 18620 21270 29162 8280 9617,16,-16108 568 -96 810,0
30196 14310 6187 1951 -120 -1522 -2087 -2423 -2818,10240 17817 31442 18941 13295 7851 2463 30535 2731,12,-15529 831 969 806,0
29198 13968 6037 1733 -469 -1470 -2176 -2446 -2385,12288 19100 8861 29854 22662 24773 30444 698 4696,13,-15676 939 1219 1076,0
17912 9492 5303 2756 1744 995 491 30 -343,0 16508 28137 1394 18121 28404 29125 9911 9085,19,-17365 -695 500 -775,0
28160 25569 23445 21288 19111 16929 14756 12605 10490,0 1108 9348 1728 16376 24116 21782 27314 9698,25,-29753 -1517 1312 1568,1
18089 8872 4024 1242 -146 -874 -1382 -1395 -1731,8192 8355 22317 29229 20335 22003 31603 4546 20404,14,-16072 780 1353 931,1
17996 8538 3625 984 -301 -904 -1017 -1452 -1680,24576 21593 8 16810 29797 17143 2539 26052 12424,14,-15547 1001 1239 974,0
17994 8537 3624 984 -301 -903 -1015 -1449 -1670,24576 5268 16467 591 29797 16242 15705 20837 5176,14,-15546 1000 1240 973,0
18001 8543 3630 987 -297 -899 -1010 -1446 -1668,8192 5031 31885 15823 27476 28574 9270 108 31191,14,-15551 995 1243 968,0
17994 8537 3624 984 -301 -903 -1015 -1449 -1670,24576 5268 16467 591 29797 16242 15705 20837 5176,14,-15546 1000 1240 973,0
18001 8543 3630 987 -297 -899 -1010 -1446 -1668,8192 5031 31885 15823 27476 28574 9270 108 31191,14,-15551 995 1243 968,0
17994 8537 3624 984 -301 -903 -1015 -1449 -1670,24576 5268 16467 591 29797 16242 15705 20837 5176,14,-15546 1000 1240 973,0
18001 8543 3630 987 -297 -899 -1010 -1446 -1668,8192 5031 31885 15823 27476 28574 9270 108 31191,14,-15551 995 1243 968,0
17994 8537 3624 984 -301 -903 -1015 -1449 -1670,24576 5268 16467 591 29797 16242 15705 20837 5176,14,-15546 1000 1240 973,0
18001 8543 3630 987 -297 -899 -1010 -1446 -1668,8192 5031 31885 15823 27476 28574 9270 108 31191,14,-15551 995 1243 968,0
17994 8537 3624 984 -301 -903 -1015 -1449 -1670,24576 5268 16467 591 29797 16242 15705 20837 5176,14,-15546 1000 1240 973,0
18001 8543 3630 987 -297 -899 -1010 -1446 -1668,8192 5031 31885 15823 27476 28574 9270 108 31191,14,-15551 995 1243 968,0
17994 8537 3624 984 -301 -903 -1015 -1449 -1670,24576 5268 16467 591 29797 16242 15705 20837 5176,14,-15546 1000 1240 973,0
26224 17962 12996 10422 8644 7251 6671 5999 5543,0 8069 27621 9038 5951 5088 7935 29226 5496,20,-22445 -1632 -2522 -1240,0
17312 12912 8473 6715 4903 3049 1168 -364 -1848,0 11864 14152 28632 19939 27595 7731 12130 9090,21,-24440 4938 -6065 3681,0
17376 12976 8537 6779 4966 3112 1229 -304 -1789,0 9327 4650 7572 15573 2746 23660 31953 28880,21,-24471 4918 -6083 3664,0
31936 22245 12614 8616 6035 3361 245 -2667 -3100,0 1947 19098 19424 6896 1655 30946 12496 19476,22,-22825 5740 -4499 1365,0
31936 22245 12614 8616 6035 3361 245 -2667 -3100,0 1947 19098 19424 6896 1655 30946 12496 19476,22,-22825 5740 -4499 1365,0
32064 22372 12742 8743 6160 3485 368 -2546 -2981,0 29641 94 10072 30933 17494 30035 19375 26289,22,-22864 5714 -4526 1341,0
16884 10188 5593 2909 1153 182 -724 -943 -1451,24576 5285 17700 15925 23053 27358 18925 25628 15790,14,-19772 1691 349 1014,0
25467 12219 5590 1961 332 -775 -1701 -2370 -2171,16384 6604 18145 3487 32684 28480 17201 23740 3677,15,-15722 455 984 430,0
25295 11865 5236 1668 -58 -1119 -2025 -2561 -2244,16384 20635 5465 2585 1464 19492 24975 14419 15397,15,-15371 548 1048 774,0
25298 11869 5239 1671 -56 -1117 -2024 -2561 -2244,16384 20477 5020 1598 304 17692 23688 14419 15397,15,-15374 548 1046 774,0
25298 11869 5239 1671 -56 -1117 -2024 -2561 -2244,16384 20477 5020 1598 304 17692 23688 14419 15397,15,-15374 548 1046 774,0
23730 11084 4780 1566 -76 -1186 -1863 -2138 -2256,18432 6590 7930 28039 11908 20058 17153 12214 11889,12,-15305 701 842 873,0
28947 13798 5881 1676 -547 -1516 -2170 -2420 -2356,12288 9474 32023 8062 3543 26351 22722 2047 23346,13,-15619 1018 1152 1178,0
17896 9476 5287 2740 1351 902 522 121 -239,0 17142 30513 6659 20829 16525 20705 6879 19142,19,-17352 -687 508 194,0
20888 9926 4248 1403 -183 -1104 -1441 -1539 -1789,5120 5442 9445 4634 25708 2004 28841 14374 32694,11,-15572 950 784 1129,1
20755 9839 4165 1290 -210 -1153 -1491 -1613 -1708,9216 23209 27884 1269 23268 24209 20396 11129 29671,11,-15535 1016 899 1011,0
20756 9829 4171 1295 -205 -1148 -1487 -1607 -1703,5120 29742 24955 15843 22379 11740 21151 8457 5065,11,-15519 984 905 1008,0
20756 9829 4171 1295 -205 -1148 -1487 -1607 -1703,5120 29742 24955 15843 22379 11740 21151 8457 5065,11,-15519 984 905 1008,0
20756 9829 4171 1295 -205 -1148 -1487 -1607 -1703,5120 29742 24955 15843 22379 11740 21151 8457 5065,11,-15519 984 905 1008,0
20756 9829 4171 1295 -205 -1148 -1487 -1607 -1703,5120 29742 24955 15843 22379 11740 21151 8457 5065,11,-15519 984 905 1008,0
20756 9829 4171 1295 -205 -1148 -1487 -1607 -1703,5120 29742 24955 15843 22379 11740 21151 8457 5065,11,-15519 984 905 1008,0
20756 9829 4171 1295 -205 -1148 -1487 -1607 -1703,5120 29742 24955 15843 22379 11740 21151 8457 5065,11,-15519 984 905 1008,0
20756 9829 4171 1295 -205 -1148 -1487 -1607 -1703,5120 29742 24955 15843 22379 11740 21151 8457 5065,11,-15519 984 905 1008,0
20756 9829 4171 1295 -205 -1148 -1487 -1607 -1703,5120 29742 24955 15843 22379 11740 21151 8457 5065,11,-15519 984 905 1008,0
16630 10271 6741 4680 3386 2400 1733 1295 771,0 18359 10351 17056 31048 6378 4572 14129 4133,17,-20239 -1265 -897 -578,0
21952 12656 3440 506 125 -249 -615 -849 -1073,0 22011 11166 28128 24037 1091 4553 17381 4221,22,-18893 8624 -3201 831,0
21440 12145 2930 126 -126 -374 -615 -849 -1073,0 9537 21648 23416 8731 18020 4553 17381 4221,22,-18562 8888 -3184 982,0
21440 12145 2930 126 -126 -374 -615 -849 -1073,0 9537 21648 23416 8731 18020 4553 17381 4221,22,-18562 8888 -3184 982,0
21440 12145 2930 126 -126 -374 -615 -849 -1073,0 9537 21648 23416 8731 18020 4553 17381 4221,22,-18562 8888 -3184 982,0
21440 12145 2930 126 -126 -374 -615 -849 -1073,0 9537 21648 23416 8731 18020 4553 17381 4221,22,-18562 8888 -3184 982,0
21440 12145 2930 126 -126 -374 -615 -849 -1073,0 9537 21648 23416 8731 18020 4553 17381 4221,22,-18562 8888 -3184 982,0
21440 12145 2930 126 -126 -374 -615 -849 -1073,0 9537 21648 23416 8731 18020 4553 17381 4221,22,-18562 8888 -3184 982,0
21440 12145 2930 126 -126 -374 -615 -849 -1073,0 9537 21648 23416 8731 18020 4553 17381 4221,22,-18562 8888 -3184 982,0
29674 15453 7450 4031 2966 1847 284 -1095 -1871,0 9332 2942 3545 17234 26206 12229 10575 30340,17,-17065 905 -715 -1157,0
30818 15681 7497 4003 2773 929 134 -838 -1684,0 295 28583 12759 32652 24085 16411 29290 6169,17,-16673 690 -629 -896,0
30806 15665 7485 3991 2758 910 107 -864 -1710,0 929 30365 16708 9167 9323 19683 12425 3655,17,-16663 688 -623 -887,0
30834 15692 7513 4019 2789 937 138 -834 -1681,0 32587 26208 7494 23368 16883 11263 22337 29934,17,-16677 679 -633 -902,0
20883 1923 -179 -412 -740 -549 -674 -1054 -438,24576 5599 10266 5818 27007 32160 1790 1366 24546,14,-3018 563 573 1061,0
31490 15828 7653 4086 2923 1820 292 -1171 -1986,0 27197 5422 17886 9996 18646 1932 18564 14525,17,-16471 422 -549 -1032,0
30818 15681 7497 4003 2773 929 134 -838 -1684,0 295 28583 12759 32652 24085 16411 29290 6169,17,-16673 690 -629 -896,0
30806 15665 7485 3991 2758 910 107 -864 -1710,0 929 30365 16708 9167 9323 19683 12425 3655,17,-16663 688 -623 -887,0
30834 15692 7513 4019 2789 937 138 -834 -1681,0 32587 26208 7494 23368 16883 11263 22337 29934,17,-16677 679 -633 -902,0
30834 15692 7513 4019 2789 937 138 -834 -1681,0 32587 26208 7494 23368 16883 11263 22337 29934,17,-16677 679 -633 -902,0
30834 15692 7513 4019 2789 937 138 -834 -1681,0 32587 26208 7494 23368 16883 11263 22337 29934,17,-16677 679 -633 -902,0
30834 15692 7513 4019 2789 937 138 -834 -1681,0 32587 26208 7494 23368 16883 11263 22337 29934,17,-16677 679 -633 -902,0
30834 15692 7513 4019 2789 937 138 -834 -1681,0 32587 26208 7494 23368 16883 11263 22337 29934,17,-16677 679 -633 -902,0
21337 10095 4166 1388 -9 -862 -1376 -1398 -1683,8192 8971 1233 13625 5221 27132 23881 25275 3919,14,-15503 1208 561 788,0
21596 10302 4291 1442 -6 -928 -1373 -1391 -1641,8192 766 15294 12075 3481 22814 4279 28623 31455,14,-15631 1224 583 812,0
32598 16979 8146 4106 2278 1112 65 -947 -1852,0 14303 30083 11304 30166 18676 10780 1551 18093,17,-17068 962 -327 -262,0
23670 11052 4756 1575 -54 -1183 -1865 -2118 -2228,10240 16040 23725 4803 19259 29307 11857 31751 6087,12,-15301 715 802 860,0
28957 13807 5889 1686 -536 -1502 -2156 -2405 -2342,28672 935 6371 4771 13255 29681 12572 22519 7094,13,-15624 1016 1144 1173,0
17896 9476 5287 2740 1351 902 522 121 -239,0 17142 30513 6659 20829 16525 20705 6879 19142,19,-17352 -687 508 194,0
28160 25569 23445 21288 19111 16929 14756 12605 10490,0 1108 9348 1728 16376 24116 21782 27314 9698,25,-29753 -1517 1312 1568,1
18089 8872 4024 1242 -146 -874 -1382 -1395 -1731,8192 8355 22317 29229 20335 22003 31603 4546 20404,14,-16072 780 1353 931,1
17996 8538 3625 984 -301 -904 -1017 -1452 -1680,24576 21593 8 16810 29797 17143 2539 26052 12424,14,-15547 1001 1239 974,0
17994 8537 3624 984 -301 -903 -1015 -1449 -1670,24576 5268 16467 591 29797 16242 15705 20837 5176,14,-15546 1000 1240 973,0
18001 8543 3630 987 -297 -899 -1010 -1446 -1668,8192 5031 31885 15823 27476 28574 9270 108 31191,14,-15551 995 1243 968,0
17994 8537 3624 984 -301 -903 -1015 -1449 -1670,24576 5268 16467 591 29797 16242 15705 20837 5176,14,-15546 1000 1240 973,0
18001 8543 3630 987 -297 -899 -1010 -1446 -1668,8192 5031 31885 15823 27476 28574 9270 108 31191,14,-15551 995 1243 968,0
17994 8537 3624 984 -301 -903 -1015 -1449 -1670,24576 5268 16467 591 29797 16242 15705 20837 5176,14,-15546 1000 1240 973,0
18001 8543 3630 987 -297 -899 -1010 -1446 -1668,8192 5031 31885 15823 27476 28574 9270 108 31191,14,-15551 995 1243 968,0
17994 8537 3624 984 -301 -903 -1015 -1449 -1670,24576 5268 16467 591 29797 16242 15705 20837 5176,14,-15546 1000 1240 973,0
18001 8543 3630 987 -297 -899 -1010 -1446 -1668,8192 5031 31885 15823 27476 28574 9270 108 31191,14,-15551 995 1243 968,0
17994 8537 3624 984 -301 -903 -1015 -1449 -1670,24576 5268 16467 591 29797 16242 15705 20837 5176,14,-15546 1000 1240 973,0
18001 8543 3630 987 -297 -899 -1010 -1446 -1668,8192 5031 31885 15823 27476 28574 9270 108 31191,14,-15551 995 1243 968,0
17994 8537 3624 984 -301 -903 -1015 -1449 -1670,24576 5268 16467 591 29797 16242 15705 20837 5176,14,-15546 1000 1240 973,0
26224 17962 12996 10422 8644 7251 6671 5999 5543,0 8069 27621 9038 5951 5088 7935 29226 5496,20,-22445 -1632 -2522 -1240,0
17312 12912 8473 6715 4903 3049 1168 -364 -1848,0 11864 14152 28632 19939 27595 7731 12130 9090,21,-24440 4938 -6065 3681,0
17376 12976 8537 6779 4966 3112 1229 -304 -1789,0 9327 4650 7572 15573 2746 23660 31953 28880,21,-24471 4918 -6083 3664,0
31936 22245 12614 8616 6035 3361 245 -2667 -3100,0 1947 19098 19424 6896 1655 30946 12496 19476,22,-22825 5740 -4499 1365,0
31936 22245 12614 8616 6035 3361 245 -2667 -3100,0 1947 19098 19424 6896 1655 30946 12496 19476,22,-22825 5740 -4499 1365,0
32064 22372 12742 8743 6160 3485 368 -2546 -2981,0 29641 94 10072 30933 17494 30035 19375 26289,22,-22864 5714 -4526 1341,0
16877 10230 5783 2904 1215 208 -733 -974 -1495,8192 19985 22109 17570 3175 19884 14768 17455 8014,14,-19863 1283 1039 540,0
25425 12176 5562 1956 385 -783 -1710 -2373 -2174,16384 8308 22302 5132 1933 3814 28786 28954 10429,15,-15693 449 966 349,0
25295 11865 5236 1668 -58 -1119 -2025 -2561 -2244,16384 20635 5465 2585 1464 19492 24975 14419 15397,15,-15371 548 1048 774,0
25298 11869 5239 1671 -56 -1117 -2024 -2561 -2244,16384 20477 5020 1598 304 17692 23688 14419 15397,15,-15374 548 1046 774,0
25298 11869 5239 1671 -56 -1117 -2024 -2561 -2244,16384 20477 5020 1598 304 17692 23688 14419 15397,15,-15374 548 1046 774,0
23730 11084 4780 1566 -76 -1186 -1863 -2138 -2256,18432 6590 7930 28039 11908 20058 17153 12214 11889,12,-15305 701 842 873,0
28947 13798 5881 1676 -547 -1516 -2170 -2420 -2356,12288 9474 32023 8062 3543 26351 22722 2047 23346,13,-15619 1018 1152 1178,0
17896 9476 5287 2740 1351 902 522 121 -239,0 17142 30513 6659 20829 16525 20705 6879 19142,19,-17352 -687 508 194,0
20888 9926 4248 1403 -183 -1104 -1441 -1539 -1789,5120 5442 9445 4634 25708 2004 28841 14374 32694,11,-15572 950 784 1129,1
20755 9839 4165 1290 -210 -1153 -1491 -1613 -1708,9216 23209 27884 1269 23268 24209 20396 11129 29671,11,-15535 1016 899 1011,0
20756 9829 4171 1295 -205 -1148 -1487 -1607 -1703,5120 29742 24955 15843 22379 11740 21151 8457 5065,11,-15519 984 905 1008,0
20756 9829 4171 1295 -205 -1148 -1487 -1607 -1703,5120 29742 24955 15843 22379 11740 21151 8457 5065,11,-15519 984 905 1008,0
20756 9829 4171 1295 -205 -1148 -1487 -1607 -1703,5120 29742 24955 15843 22379 11740 21151 8457 5065,11,-15519 984 905 1008,0
20756 9829 4171 1295 -205 -1148 -1487 -1607 -1703,5120 29742 24955 15843 22379 11740 21151 8457 5065,11,-15519 984 905 1008,0
20756 9829 4171 1295 -205 -1148 -1487 -1607 -1703,5120 29742 24955 15843 22379 11740 21151 8457 5065,11,-15519 984 905 1008,0
20756 9829 4171 1295 -205 -1148 -1487 -1607 -1703,5120 29742 24955 15843 22379 11740 21151 8457 5065,11,-15519 984 905 1008,0
20756 9829 4171 1295 -205 -1148 -1487 -1607 -1703,5120 29742 24955 15843 22379 11740 21151 8457 5065,11,-15519 984 905 1008,0
20756 9829 4171 1295 -205 -1148 -1487 -1607 -1703,5120 29742 24955 15843 22379 11740 21151 8457 5065,11,-15519 984 905 1008,0
16630 10271 6741 4680 3386 2400 1733 1295 771,0 18359 10351 17056 31048 6378 4572 14129 4133,17,-20239 -1265 -897 -578,0
21952 12656 3440 506 125 -249 -615 -849 -1073,0 22011 11166 28128 24037 1091 4553 17381 4221,22,-18893 8624 -3201 831,0
21440 12145 2930 126 -126 -374 -615 -849 -1073,0 9537 21648 23416 8731 18020 4553 17381 4221,22,-18562 8888 -3184 982,0
21440 12145 2930 126 -126 -374 -615 -849 -1073,0 9537 21648 23416 8731 18020 4553 17381 4221,22,-18562 8888 -3184 982,0
21440 12145 2930 126 -126 -374 -615 -849 -1073,0 9537 21648 23416 8731 18020 4553 17381 4221,22,-18562 8888 -3184 982,0
21440 12145 2930 126 -126 -374 -615 -849 -1073,0 9537 21648 23416 8731 18020 4553 17381 4221,22,-18562 8888 -3184 982,0
21440 12145 2930 126 -126 -374 -615 -849 -1073,0 9537 21648 23416 8731 18020 4553 17381 4221,22,-18562 8888 -3184 982,0
21440 12145 2930 126 -126 -374 -615 -849 -1073,0 9537 21648 23416 8731 18020 4553 17381 4221,22,-18562 8888 -3184 982,0
21440 12145 2930 126 -126 -374 -615 -849 -1073,0 9537 21648 23416 8731 18020 4553 17381 4221,22,-18562 8888 -3184 982,0
29674 15453 7450 4031 2966 1847 284 -1095 -1871,0 9332 2942 3545 17234 26206 12229 10575 30340,17,-17065 905 -715 -1157,0
30818 15681 7497 4003 2773 929 134 -838 -1684,0 295 28583 12759 32652 24085 16411 29290 6169,17,-16673 690 -629 -896,0
30806 15665 7485 3991 2758 910 107 -864 -1710,0 929 30365 16708 9167 9323 19683 12425 3655,17,-16663 688 -623 -887,0
30834 15692 7513 4019 2789 937 138 -834 -1681,0 32587 26208 7494 23368 16883 11263 22337 29934,17,-16677 679 -633 -902,0
20378 1845 -78 -121 -477 -307 -550 -961 -520,8192 8690 27889 7377 3163 5503 31073 10371 26006,14,-2967 396 148 743,0
31378 15784 7629 4074 2915 1836 315 -1133 -1953,0 28941 8985 21834 14637 4241 3810 14570 31801,17,-16484 435 -553 -1033,0
30818 15681 7497 4003 2773 929 134 -838 -1684,0 295 28583 12759 32652 24085 16411 29290 6169,17,-16673 690 -629 -896,0
30834 15692 7513 4019 2789 937 138 -834 -1681,0 32587 26208 7494 23368 16883 11263 22337 29934,17,-16677 679 -633 -902,0
30834 15692 7513 4019 2789 937 138 -834 -1681,0 32587 26208 7494 23368 16883 11263 22337 29934,17,-16677 679 -633 -902,0
30834 15692 7513 4019 2789 937 138 -834 -1681,0 32587 26208 7494 23368 16883 11263 22337 29934,17,-16677 679 -633 -902,0
30834 15692 7513 4019 2789 937 138 -834 -1681,0 32587 26208 7494 23368 16883 11263 22337 29934,17,-16677 679 -633 -902,0
30834 15692 7513 4019 2789 937 138 -834 -1681,0 32587 26208 7494 23368 16883 11263 22337 29934,17,-16677 679 -633 -902,0
30834 15692 7513 4019 2789 937 138 -834 -1681,0 32587 26208 7494 23368 16883 11263 22337 29934,17,-16677 679 -633 -902,0
21337 10095 4166 1388 -9 -862 -1376 -1398 -1683,8192 8971 1233 13625 5221 27132 23881 25275 3919,14,-15503 1208 561 788,0
21596 10302 4291 1442 -6 -928 -1373 -1391 -1641,8192 766 15294 12075 3481 22814 4279 28623 31455,14,-15631 1224 583 812,0
32598 16979 8146 4106 2278 1112 65 -947 -1852,0 14303 30083 11304 30166 18676 10780 1551 18093,17,-17068 962 -327 -262,0
23670 11052 4756 1575 -54 -1183 -1865 -2118 -2228,10240 16040 23725 4803 19259 29307 11857 31751 6087,12,-15301 715 802 860,0
28957 13807 5889 1686 -536 -1502 -2156 -2405 -2342,28672 935 6371 4771 13255 29681 12572 22519 7094,13,-15624 1016 1144 1173,0,
